0.418760 2.480252e-04
0.628141 8.159442e-05
0.837521 6.184841e-05
1.046901 1.272629e-05
1.256281 1.031877e-05
1.465662 3.163919e-05
1.675042 2.897872e-05
1.884422 2.086400e-05
2.093802 1.672961e-05
2.303183 7.676117e-06
2.512563 7.736446e-06
2.721943 1.059137e-05
2.931323 1.216734e-05
3.140704 1.016272e-05
3.350084 9.612853e-06
3.559464 8.009553e-06
3.768844 6.520570e-06
3.978224 4.159675e-06
4.187605 3.113839e-06
4.396985 3.702443e-06
4.606365 4.941974e-06
4.815745 7.362176e-06
5.025126 7.304353e-06
5.234506 4.371961e-06
5.443886 2.224157e-06
5.653266 9.309088e-07
5.862647 1.755889e-06
6.072027 4.046186e-06
6.281407 4.561132e-06
6.490787 3.533431e-06
6.700168 2.563344e-06
6.909548 1.030093e-06
7.118928 7.861590e-07
7.328308 8.893051e-07
7.537688 9.744578e-07
7.747069 8.016595e-07
7.956449 6.177807e-07
8.165829 4.974655e-07
8.375209 4.944259e-07
8.584590 5.155720e-07
8.793970 6.803344e-07
9.003350 1.207879e-06
9.212730 1.469390e-06
9.422111 1.687503e-06
9.631491 1.737363e-06
9.840871 1.139859e-06
10.050251 6.577739e-07
10.259631 7.531192e-07
10.469012 8.635282e-07
10.678392 1.337429e-06
10.887772 1.389068e-06
11.097152 1.030589e-06
11.306533 8.695250e-07
11.515913 5.687227e-07
11.725293 6.916810e-07
11.934673 7.882074e-07
12.144054 9.673781e-07
12.353434 1.109793e-06
12.562814 1.107840e-06
12.772194 1.035051e-06
12.981575 9.067943e-07
13.190955 8.826187e-07
13.400335 7.946391e-07
13.609715 1.065444e-06
13.819095 1.223915e-06
14.028476 1.192107e-06
14.237856 1.168602e-06
14.447236 9.835704e-07
14.656616 8.602229e-07
14.865997 9.076990e-07
15.075377 1.069332e-06
15.284757 1.276308e-06
15.494137 1.293298e-06
15.703518 1.158319e-06
15.912898 1.095314e-06
16.122278 1.010893e-06
16.331658 8.955496e-07
16.541039 9.205967e-07
16.750419 9.627445e-07
16.959799 9.123794e-07
17.169179 9.336538e-07
17.378559 9.449765e-07
17.587940 9.265467e-07
17.797320 8.499189e-07
18.006700 1.012126e-06
18.216080 1.191540e-06
18.425461 1.151969e-06
18.634841 1.078104e-06
18.844221 9.713578e-07
19.053601 7.754443e-07
19.262982 7.014940e-07
19.472362 7.003704e-07
19.681742 7.251660e-07
19.891122 7.338284e-07
20.100503 7.451797e-07
20.309883 7.293266e-07
20.519263 6.658398e-07
20.728643 6.524526e-07
20.938023 6.772611e-07
21.147404 6.910828e-07
21.356784 7.002560e-07
21.566164 7.312448e-07
21.775544 7.091623e-07
21.984925 5.838267e-07
22.194305 5.034709e-07
22.403685 4.537989e-07
22.613065 4.479597e-07
22.822446 4.515193e-07
23.031826 4.998536e-07
23.241206 5.988036e-07
23.450586 5.930807e-07
23.659966 5.941132e-07
23.869347 6.153480e-07
24.078727 5.841210e-07
24.288107 5.260245e-07
24.497487 4.708163e-07
24.706868 4.992723e-07
24.916248 4.911431e-07
25.125628 5.267529e-07
25.335008 6.358487e-07
25.544389 6.641362e-07
25.753769 6.420789e-07
25.963149 6.011781e-07
26.172529 4.988575e-07
26.381910 3.888480e-07
26.591290 3.586698e-07
26.800670 4.078202e-07
27.010050 4.004572e-07
27.219430 4.263267e-07
27.428811 4.730928e-07
27.638191 4.523651e-07
27.847571 4.760060e-07
28.056951 5.464895e-07
28.266332 5.770787e-07
28.475712 5.222387e-07
28.685092 5.594611e-07
28.894472 7.027336e-07
29.103853 7.012195e-07
29.313233 7.359317e-07
29.522613 8.357574e-07
29.731993 8.178389e-07
29.941374 7.696106e-07
30.150754 8.256520e-07
30.360134 8.848181e-07
30.569514 8.284665e-07
30.778894 8.350581e-07
30.988275 9.107545e-07
31.197655 8.623655e-07
31.407035 7.589437e-07
31.616415 7.456557e-07
31.825796 7.798931e-07
32.035176 6.979411e-07
32.244556 7.274559e-07
32.453936 8.908924e-07
32.663317 7.981498e-07
32.872697 8.015840e-07
33.082077 9.897043e-07
33.291457 1.116633e-06
33.500838 1.125172e-06
33.710218 1.159340e-06
33.919598 1.150729e-06
34.128978 9.457418e-07
34.338358 9.209894e-07
34.547739 1.010201e-06
34.757119 1.080540e-06
34.966499 1.151961e-06
35.175879 1.262523e-06
35.385260 1.311224e-06
35.594640 1.089698e-06
35.804020 9.754757e-07
36.013400 1.000845e-06
36.222781 8.768908e-07
36.432161 8.503762e-07
36.641541 9.130996e-07
36.850921 9.017139e-07
37.060302 7.707487e-07
37.269682 7.483614e-07
37.479062 8.208137e-07
37.688442 7.380203e-07
37.897822 7.251618e-07
38.107203 8.184240e-07
38.316583 8.184058e-07
38.525963 7.762712e-07
38.735343 8.082507e-07
38.944724 8.276430e-07
39.154104 7.257872e-07
39.363484 7.107093e-07
39.572864 7.577619e-07
39.782245 7.022412e-07
39.991625 7.120473e-07
40.201005 7.995539e-07
40.410385 8.810963e-07
40.619765 8.566350e-07
40.829146 8.069715e-07
41.038526 8.182828e-07
41.247906 7.133544e-07
41.457286 6.443805e-07
41.666667 6.821222e-07
41.876047 7.106177e-07
42.085427 7.064686e-07
42.294807 7.901331e-07
42.504188 8.986977e-07
42.713568 8.580852e-07
42.922948 9.196319e-07
43.132328 9.303921e-07
43.341709 8.623301e-07
43.551089 8.095735e-07
43.760469 7.685973e-07
43.969849 8.573640e-07
44.179229 7.916692e-07
44.388610 7.913554e-07
44.597990 9.421091e-07
44.807370 9.207250e-07
45.016750 9.216909e-07
45.226131 1.003982e-06
45.435511 1.028352e-06
45.644891 9.364457e-07
45.854271 9.998253e-07
46.063652 1.105219e-06
46.273032 9.427641e-07
46.482412 9.993578e-07
46.691792 1.146744e-06
46.901173 1.139567e-06
47.110553 1.119097e-06
47.319933 1.145868e-06
47.529313 1.247855e-06
47.738693 1.136123e-06
47.948074 1.126440e-06
48.157454 1.287412e-06
48.366834 1.193352e-06
48.576214 1.114172e-06
48.785595 1.159034e-06
48.994975 1.219898e-06
49.204355 1.204440e-06
49.413735 1.255408e-06
49.623116 1.328444e-06
49.832496 1.251928e-06
50.041876 1.297459e-06
50.251256 1.378934e-06
50.460637 1.301541e-06
50.670017 1.121845e-06
50.879397 1.168981e-06
51.088777 1.291183e-06
51.298157 1.176710e-06
51.507538 1.206489e-06
51.716918 1.325334e-06
51.926298 1.303070e-06
52.135678 1.224292e-06
52.345059 1.252248e-06
52.554439 1.299174e-06
52.763819 1.217138e-06
52.973199 1.235551e-06
53.182580 1.234479e-06
53.391960 1.158018e-06
53.601340 1.074726e-06
53.810720 1.079828e-06
54.020101 1.152226e-06
54.229481 1.024306e-06
54.438861 1.052245e-06
54.648241 1.183808e-06
54.857621 1.053067e-06
55.067002 1.033555e-06
55.276382 1.143156e-06
55.485762 1.102082e-06
55.695142 1.010722e-06
55.904523 9.889291e-07
56.113903 1.098527e-06
56.323283 1.028728e-06
56.532663 9.908487e-07
56.742044 1.109363e-06
56.951424 1.058468e-06
57.160804 9.919123e-07
57.370184 1.082378e-06
57.579564 1.100838e-06
57.788945 9.641027e-07
57.998325 9.796379e-07
58.207705 1.050263e-06
58.417085 9.333692e-07
58.626466 9.591004e-07
58.835846 1.071540e-06
59.045226 1.016100e-06
59.254606 9.370766e-07
59.463987 1.025176e-06
59.673367 1.115667e-06
59.882747 1.033976e-06
60.092127 1.061261e-06
60.301508 1.162039e-06
60.510888 1.152075e-06
60.720268 1.075925e-06
60.929648 1.149634e-06
61.139028 1.170117e-06
61.348409 1.023310e-06
61.557789 1.100140e-06
61.767169 1.182661e-06
61.976549 1.105657e-06
62.185930 1.089076e-06
62.395310 1.126145e-06
62.604690 1.133096e-06
62.814070 1.036109e-06
63.023451 1.090237e-06
63.232831 1.200173e-06
63.442211 1.068865e-06
63.651591 1.057653e-06
63.860972 1.192644e-06
64.070352 1.169189e-06
64.279732 1.110659e-06
64.489112 1.144423e-06
64.698492 1.154771e-06
64.907873 1.054628e-06
65.117253 1.084546e-06
65.326633 1.144251e-06
65.536013 1.063476e-06
65.745394 1.017849e-06
65.954774 1.047911e-06
66.164154 1.100709e-06
66.373534 1.006769e-06
66.582915 9.765212e-07
66.792295 1.057671e-06
67.001675 9.337938e-07
67.211055 9.185740e-07
67.420436 1.020304e-06
67.629816 9.341399e-07
67.839196 8.449397e-07
68.048576 8.656860e-07
68.257956 8.984220e-07
68.467337 7.898813e-07
68.676717 7.750571e-07
68.886097 8.610379e-07
69.095477 8.288217e-07
69.304858 7.906403e-07
69.514238 8.310081e-07
69.723618 8.825746e-07
69.932998 7.583389e-07
70.142379 7.164754e-07
70.351759 7.901843e-07
70.561139 6.843708e-07
70.770519 6.535520e-07
70.979899 6.872506e-07
71.189280 6.554331e-07
71.398660 6.021976e-07
71.608040 6.228066e-07
71.817420 6.357387e-07
72.026801 5.652767e-07
72.236181 5.816921e-07
72.445561 6.368041e-07
72.654941 6.227079e-07
72.864322 5.876123e-07
73.073702 6.175730e-07
73.283082 6.267410e-07
73.492462 5.653879e-07
73.701843 5.839737e-07
73.911223 6.085267e-07
74.120603 5.545546e-07
74.329983 5.477071e-07
74.539363 5.706414e-07
74.748744 5.761620e-07
74.958124 5.362710e-07
75.167504 5.125696e-07
75.376884 5.308549e-07
75.586265 4.837701e-07
75.795645 4.842343e-07
76.005025 5.221816e-07
76.214405 4.971910e-07
76.423786 4.779681e-07
76.633166 5.076260e-07
76.842546 5.030449e-07
77.051926 4.653211e-07
77.261307 4.710585e-07
77.470687 4.790340e-07
77.680067 4.645603e-07
77.889447 4.494866e-07
78.098827 4.450093e-07
78.308208 4.461043e-07
78.517588 4.095331e-07
78.726968 4.009793e-07
78.936348 4.073954e-07
79.145729 3.623256e-07
79.355109 3.489279e-07
79.564489 3.630783e-07
79.773869 3.497592e-07
79.983250 3.234138e-07
80.192630 3.154699e-07
80.402010 3.090696e-07
80.611390 2.725965e-07
80.820771 2.644356e-07
81.030151 2.673284e-07
81.239531 2.463601e-07
81.448911 2.375189e-07
81.658291 2.400728e-07
81.867672 2.353115e-07
82.077052 2.189155e-07
82.286432 2.144287e-07
82.495812 2.097179e-07
82.705193 1.878305e-07
82.914573 1.782440e-07
83.123953 1.763864e-07
83.333333 1.602873e-07
83.542714 1.483003e-07
83.752094 1.438553e-07
83.961474 1.310547e-07
84.170854 1.203697e-07
84.380235 1.171813e-07
84.589615 1.159028e-07
84.798995 1.108676e-07
85.008375 1.080680e-07
85.217755 1.083105e-07
85.427136 1.056226e-07
85.636516 1.003330e-07
85.845896 9.831478e-08
86.055276 9.421429e-08
86.264657 8.943400e-08
86.474037 9.099129e-08
86.683417 9.216229e-08
86.892797 8.884892e-08
87.102178 8.786622e-08
87.311558 8.975171e-08
87.520938 8.492542e-08
87.730318 8.180863e-08
87.939698 8.232289e-08
88.149079 7.965877e-08
88.358459 7.475253e-08
88.567839 7.445499e-08
88.777219 7.509660e-08
88.986600 7.304210e-08
89.195980 7.118378e-08
89.405360 7.295936e-08
89.614740 7.549338e-08
89.824121 7.429732e-08
90.033501 7.721374e-08
90.242881 7.757179e-08
90.452261 7.667335e-08
90.661642 7.296473e-08
90.871022 7.003837e-08
91.080402 7.043355e-08
91.289782 6.794474e-08
91.499162 6.877909e-08
91.708543 7.222679e-08
91.917923 7.361660e-08
92.127303 7.222312e-08
92.336683 7.615774e-08
92.546064 8.017094e-08
92.755444 7.581722e-08
92.964824 7.794872e-08
93.174204 8.225936e-08
93.383585 8.064795e-08
93.592965 8.015188e-08
93.802345 8.578527e-08
94.011725 9.091179e-08
94.221106 8.766752e-08
94.430486 9.091573e-08
94.639866 1.013679e-07
94.849246 1.009794e-07
95.058626 9.674913e-08
95.268007 1.047614e-07
95.477387 1.119728e-07
95.686767 1.065342e-07
95.896147 1.129205e-07
96.105528 1.227059e-07
96.314908 1.143643e-07
96.524288 1.201858e-07
96.733668 1.365640e-07
96.943049 1.440801e-07
97.152429 1.335588e-07
97.361809 1.366046e-07
97.571189 1.542459e-07
97.780570 1.355599e-07
97.989950 1.359538e-07
98.199330 1.526362e-07
98.408710 1.392608e-07
98.618090 1.340771e-07
98.827471 1.448973e-07
99.036851 1.533516e-07
99.246231 1.417051e-07
99.455611 1.479829e-07
99.664992 1.644732e-07
99.874372 1.497935e-07
100.083752 1.509815e-07
100.293132 1.657952e-07
100.502513 1.640465e-07
100.711893 1.459968e-07
100.921273 1.512246e-07
101.130653 1.663394e-07
101.340034 1.484603e-07
101.549414 1.510961e-07
101.758794 1.675746e-07
101.968174 1.618050e-07
102.177554 1.547922e-07
102.386935 1.659426e-07
102.596315 1.734592e-07
102.805695 1.601694e-07
103.015075 1.679004e-07
103.224456 1.829055e-07
103.433836 1.754810e-07
103.643216 1.738591e-07
103.852596 1.864992e-07
104.061977 1.941185e-07
104.271357 1.787328e-07
104.480737 1.921513e-07
104.690117 2.109814e-07
104.899497 1.934002e-07
105.108878 2.067919e-07
105.318258 2.294407e-07
105.527638 2.199250e-07
105.737018 2.116285e-07
105.946399 2.232849e-07
106.155779 2.402073e-07
106.365159 2.309216e-07
106.574539 2.394854e-07
106.783920 2.571214e-07
106.993300 2.569062e-07
107.202680 2.556307e-07
107.412060 2.613860e-07
107.621441 2.693275e-07
107.830821 2.592972e-07
108.040201 2.687732e-07
108.249581 2.867563e-07
108.458961 2.625321e-07
108.668342 2.684624e-07
108.877722 2.939267e-07
109.087102 2.789583e-07
109.296482 2.648524e-07
109.505863 2.687730e-07
109.715243 2.829796e-07
109.924623 2.701984e-07
110.134003 2.625320e-07
110.343384 2.745096e-07
110.552764 2.694578e-07
110.762144 2.636198e-07
110.971524 2.683433e-07
111.180905 2.657469e-07
111.390285 2.458983e-07
111.599665 2.545369e-07
111.809045 2.660136e-07
112.018425 2.490309e-07
112.227806 2.432922e-07
112.437186 2.477261e-07
112.646566 2.433891e-07
112.855946 2.319837e-07
113.065327 2.340274e-07
113.274707 2.413707e-07
113.484087 2.260852e-07
113.693467 2.289068e-07
113.902848 2.502355e-07
114.112228 2.405121e-07
114.321608 2.219551e-07
114.530988 2.260650e-07
114.740369 2.272439e-07
114.949749 2.126350e-07
115.159129 2.211360e-07
115.368509 2.316355e-07
115.577889 2.225595e-07
115.787270 2.195677e-07
115.996650 2.277096e-07
116.206030 2.293533e-07
116.415410 2.194872e-07
116.624791 2.285050e-07
116.834171 2.398745e-07
117.043551 2.252814e-07
117.252931 2.328968e-07
117.462312 2.455606e-07
117.671692 2.311700e-07
117.881072 2.195084e-07
118.090452 2.165833e-07
118.299832 2.168213e-07
118.509213 2.106825e-07
118.718593 2.096549e-07
118.927973 2.069028e-07
119.137353 2.014977e-07
119.346734 1.990400e-07
119.556114 1.994158e-07
119.765494 1.980175e-07
119.974874 1.850566e-07
120.184255 1.874229e-07
120.393635 1.898862e-07
120.603015 1.769404e-07
120.812395 1.780431e-07
121.021776 1.811580e-07
121.231156 1.764963e-07
121.440536 1.682195e-07
121.649916 1.593001e-07
121.859296 1.547849e-07
122.068677 1.445129e-07
122.278057 1.371577e-07
122.487437 1.317213e-07
122.696817 1.267088e-07
122.906198 1.219696e-07
123.115578 1.204331e-07
123.324958 1.204880e-07
123.534338 1.162002e-07
123.743719 1.172855e-07
123.953099 1.169527e-07
124.162479 1.175907e-07
124.371859 1.184035e-07
124.581240 1.144859e-07
124.790620 1.148671e-07
125.000000 1.128215e-07
125.209380 1.093617e-07
125.418760 1.091587e-07
125.628141 1.079380e-07
125.837521 1.048343e-07
126.046901 1.047179e-07
126.256281 1.020726e-07
126.465662 9.926046e-08
126.675042 9.916606e-08
126.884422 9.900791e-08
127.093802 1.004235e-07
127.303183 1.021483e-07
127.512563 1.059760e-07
127.721943 1.053123e-07
127.931323 1.025497e-07
128.140704 1.025506e-07
128.350084 1.001399e-07
128.559464 9.927640e-08
128.768844 9.937539e-08
128.978224 9.965024e-08
129.187605 9.839318e-08
129.396985 9.477787e-08
129.606365 9.307165e-08
129.815745 8.853127e-08
130.025126 8.501392e-08
130.234506 8.363654e-08
130.443886 8.075739e-08
130.653266 7.928998e-08
130.862647 7.956874e-08
131.072027 7.813585e-08
131.281407 7.413118e-08
131.490787 7.382166e-08
131.700168 7.288678e-08
131.909548 7.084983e-08
132.118928 6.845774e-08
132.328308 6.809557e-08
132.537688 6.837654e-08
132.747069 6.660069e-08
132.956449 6.761332e-08
133.165829 6.800241e-08
133.375209 6.472569e-08
133.584590 6.321132e-08
133.793970 6.006402e-08
134.003350 5.625618e-08
134.212730 5.366351e-08
134.422111 5.231576e-08
134.631491 5.261151e-08
134.840871 5.202123e-08
135.050251 5.341161e-08
135.259631 5.336289e-08
135.469012 5.212902e-08
135.678392 5.050541e-08
135.887772 4.763098e-08
136.097152 4.728038e-08
136.306533 4.602349e-08
136.515913 4.630391e-08
136.725293 4.651495e-08
136.934673 4.575606e-08
137.144054 4.605851e-08
137.353434 4.637389e-08
137.562814 4.666306e-08
137.772194 4.606606e-08
137.981575 4.558734e-08
138.190955 4.600035e-08
138.400335 4.466720e-08
138.609715 4.252950e-08
138.819095 4.306294e-08
139.028476 4.435496e-08
139.237856 4.408727e-08
139.447236 4.630057e-08
139.656616 4.854990e-08
139.865997 4.816973e-08
140.075377 4.773286e-08
140.284757 4.981861e-08
140.494137 5.171384e-08
140.703518 5.017716e-08
140.912898 5.156409e-08
141.122278 5.514111e-08
141.331658 5.321971e-08
141.541039 5.401219e-08
141.750419 5.709348e-08
141.959799 5.742346e-08
142.169179 5.723643e-08
142.378559 6.081321e-08
142.587940 6.537661e-08
142.797320 6.056669e-08
143.006700 6.195707e-08
143.216080 6.610526e-08
143.425461 6.401186e-08
143.634841 6.291998e-08
143.844221 6.311612e-08
144.053601 6.469218e-08
144.262982 6.010203e-08
144.472362 6.003586e-08
144.681742 6.402957e-08
144.891122 6.098778e-08
145.100503 5.981057e-08
145.309883 6.357904e-08
145.519263 6.306737e-08
145.728643 5.910221e-08
145.938023 5.992804e-08
146.147404 6.070246e-08
146.356784 5.593677e-08
146.566164 5.793767e-08
146.775544 6.382109e-08
146.984925 6.357063e-08
147.194305 6.160149e-08
147.403685 6.317617e-08
147.613065 6.595630e-08
147.822446 6.212532e-08
148.031826 6.392647e-08
148.241206 6.896948e-08
148.450586 6.531072e-08
148.659966 6.243579e-08
148.869347 6.724925e-08
149.078727 6.945709e-08
149.288107 6.547148e-08
149.497487 6.935900e-08
149.706868 7.489553e-08
149.916248 7.002427e-08
150.125628 7.100265e-08
150.335008 7.602835e-08
150.544389 7.394456e-08
150.753769 7.059403e-08
150.963149 7.544335e-08
151.172529 8.002209e-08
151.381910 7.703357e-08
151.591290 7.897833e-08
151.800670 8.280846e-08
152.010050 8.070971e-08
152.219430 7.825864e-08
152.428811 7.916322e-08
152.638191 8.003129e-08
152.847571 7.541746e-08
153.056951 7.418365e-08
153.266332 7.759902e-08
153.475712 7.268407e-08
153.685092 6.964611e-08
153.894472 7.369901e-08
154.103853 7.495922e-08
154.313233 7.176687e-08
154.522613 7.356836e-08
154.731993 7.832090e-08
154.941374 7.486373e-08
155.150754 7.421326e-08
155.360134 7.904667e-08
155.569514 8.001298e-08
155.778894 7.816525e-08
155.988275 7.883570e-08
156.197655 8.117921e-08
156.407035 8.132475e-08
156.616415 8.439441e-08
156.825796 8.763696e-08
157.035176 8.791776e-08
157.244556 8.732143e-08
157.453936 8.990853e-08
157.663317 9.115550e-08
157.872697 8.675482e-08
158.082077 8.922231e-08
158.291457 9.563147e-08
158.500838 9.437147e-08
158.710218 9.514505e-08
158.919598 9.956859e-08
159.128978 9.991262e-08
159.338358 9.792661e-08
159.547739 9.823862e-08
159.757119 1.005300e-07
159.966499 9.579456e-08
160.175879 9.403303e-08
160.385260 9.716084e-08
160.594640 9.385511e-08
160.804020 9.207151e-08
161.013400 9.238674e-08
161.222781 9.028477e-08
161.432161 8.674930e-08
161.641541 8.552530e-08
161.850921 8.375463e-08
162.060302 7.700185e-08
162.269682 7.418176e-08
162.479062 7.525699e-08
162.688442 7.373684e-08
162.897822 7.144452e-08
163.107203 7.215513e-08
163.316583 7.232040e-08
163.525963 6.874297e-08
163.735343 6.840470e-08
163.944724 6.979959e-08
164.154104 6.788805e-08
164.363484 6.565478e-08
164.572864 6.695609e-08
164.782245 6.636908e-08
164.991625 6.607460e-08
165.201005 6.775197e-08
165.410385 6.858217e-08
165.619765 6.961470e-08
165.829146 7.014510e-08
166.038526 7.214182e-08
166.247906 7.099822e-08
166.457286 6.782627e-08
166.666667 6.774253e-08
166.876047 6.749579e-08
167.085427 6.651454e-08
167.294807 6.859418e-08
167.504188 7.144550e-08
167.713568 7.088690e-08
167.922948 7.067052e-08
168.132328 7.258315e-08
168.341709 7.120663e-08
168.551089 6.861880e-08
168.760469 6.780607e-08
168.969849 6.650773e-08
169.179229 6.512376e-08
169.388610 6.361213e-08
169.597990 6.385865e-08
169.807370 6.408443e-08
170.016750 6.345950e-08
170.226131 6.249077e-08
170.435511 6.159319e-08
170.644891 6.048380e-08
170.854271 5.845863e-08
171.063652 5.592647e-08
171.273032 5.395776e-08
171.482412 5.309811e-08
171.691792 5.052568e-08
171.901173 4.886979e-08
172.110553 4.923544e-08
172.319933 4.905455e-08
172.529313 4.892910e-08
172.738693 4.922747e-08
172.948074 5.009129e-08
173.157454 4.976588e-08
173.366834 4.739555e-08
173.576214 4.610550e-08
173.785595 4.507569e-08
173.994975 4.435302e-08
174.204355 4.479751e-08
174.413735 4.531665e-08
174.623116 4.605577e-08
174.832496 4.563830e-08
175.041876 4.476349e-08
175.251256 4.270484e-08
175.460637 4.065335e-08
175.670017 3.915721e-08
175.879397 3.757329e-08
176.088777 3.625203e-08
176.298157 3.605595e-08
176.507538 3.539319e-08
176.716918 3.498633e-08
176.926298 3.468989e-08
177.135678 3.403469e-08
177.345059 3.378146e-08
177.554439 3.291817e-08
177.763819 3.224738e-08
177.973199 3.135251e-08
178.182580 3.069430e-08
178.391960 3.006545e-08
178.601340 2.878861e-08
178.810720 2.904661e-08
179.020101 2.961908e-08
179.229481 2.919215e-08
179.438861 2.962381e-08
179.648241 3.016533e-08
179.857621 2.908674e-08
180.067002 2.818007e-08
180.276382 2.760999e-08
180.485762 2.749618e-08
180.695142 2.735558e-08
180.904523 2.791325e-08
181.113903 2.914433e-08
181.323283 2.959077e-08
181.532663 2.996398e-08
181.742044 3.011830e-08
181.951424 2.915214e-08
182.160804 2.806844e-08
182.370184 2.749374e-08
182.579564 2.721584e-08
182.788945 2.684576e-08
182.998325 2.697802e-08
183.207705 2.739300e-08
183.417085 2.695576e-08
183.626466 2.641765e-08
183.835846 2.641151e-08
184.045226 2.652911e-08
184.254606 2.558919e-08
184.463987 2.508603e-08
184.673367 2.558986e-08
184.882747 2.467719e-08
185.092127 2.385296e-08
185.301508 2.415397e-08
185.510888 2.437439e-08
185.720268 2.422003e-08
185.929648 2.507512e-08
186.139028 2.562282e-08
186.348409 2.487275e-08
186.557789 2.419903e-08
186.767169 2.370630e-08
186.976549 2.382496e-08
187.185930 2.360627e-08
187.395310 2.385692e-08
187.604690 2.498454e-08
187.814070 2.500192e-08
188.023451 2.563359e-08
188.232831 2.659922e-08
188.442211 2.646332e-08
188.651591 2.589982e-08
188.860972 2.636236e-08
189.070352 2.676445e-08
189.279732 2.593751e-08
189.489112 2.666455e-08
189.698492 2.756886e-08
189.907873 2.818543e-08
190.117253 2.860341e-08
190.326633 2.899921e-08
190.536013 2.944155e-08
190.745394 2.870568e-08
190.954774 2.909353e-08
191.164154 2.994308e-08
191.373534 2.916910e-08
191.582915 2.961507e-08
191.792295 3.113611e-08
192.001675 3.131201e-08
192.211055 3.120544e-08
192.420436 3.174180e-08
192.629816 3.259297e-08
192.839196 3.191661e-08
193.048576 3.230304e-08
193.257956 3.252614e-08
193.467337 3.133604e-08
193.676717 3.090856e-08
193.886097 3.007686e-08
194.095477 3.008572e-08
194.304858 2.958691e-08
194.514238 2.989736e-08
194.723618 3.106564e-08
194.932998 3.051146e-08
195.142379 3.022811e-08
195.351759 3.060706e-08
195.561139 2.999512e-08
195.770519 2.864231e-08
195.979899 2.746761e-08
196.189280 2.684212e-08
196.398660 2.576195e-08
196.608040 2.587880e-08
196.817420 2.677006e-08
197.026801 2.761218e-08
197.236181 2.770500e-08
197.445561 2.849698e-08
197.654941 2.969596e-08
197.864322 2.876511e-08
198.073702 2.922528e-08
198.283082 3.051092e-08
198.492462 3.030223e-08
198.701843 3.032123e-08
198.911223 3.238329e-08
199.120603 3.357174e-08
199.329983 3.348599e-08
199.539363 3.422593e-08
199.748744 3.531936e-08
199.958124 3.528760e-08
200.167504 3.518838e-08
200.376884 3.613526e-08
200.586265 3.658172e-08
200.795645 3.544751e-08
201.005025 3.609197e-08
201.214405 3.711320e-08
201.423786 3.583283e-08
201.633166 3.593508e-08
201.842546 3.675717e-08
202.051926 3.589738e-08
202.261307 3.549325e-08
202.470687 3.541643e-08
202.680067 3.510925e-08
202.889447 3.413138e-08
203.098827 3.510549e-08
203.308208 3.529786e-08
203.517588 3.410601e-08
203.726968 3.367830e-08
203.936348 3.365143e-08
204.145729 3.357500e-08
204.355109 3.241957e-08
204.564489 3.275482e-08
204.773869 3.306572e-08
204.983250 3.315498e-08
205.192630 3.392370e-08
205.402010 3.520772e-08
205.611390 3.547983e-08
205.820771 3.546495e-08
206.030151 3.541238e-08
206.239531 3.561349e-08
206.448911 3.521764e-08
206.658291 3.524458e-08
206.867672 3.585623e-08
207.077052 3.646191e-08
207.286432 3.633683e-08
207.495812 3.699772e-08
207.705193 3.829696e-08
207.914573 3.838338e-08
208.123953 3.863765e-08
208.333333 3.841700e-08
208.542714 3.823661e-08
208.752094 3.844321e-08
208.961474 3.804888e-08
209.170854 3.904832e-08
209.380235 3.924125e-08
209.589615 3.976757e-08
209.798995 3.906652e-08
