0.416403 5.226322e-07
0.624605 1.653423e-07
0.832807 1.237308e-07
1.041008 4.154967e-08
1.249210 4.181011e-08
1.457412 8.530009e-08
1.665613 8.049241e-08
1.873815 4.648673e-08
2.082017 3.304296e-08
2.290219 2.001780e-08
2.498420 2.182245e-08
2.706622 3.348891e-08
2.914824 3.444252e-08
3.123025 2.522303e-08
3.331227 1.974971e-08
3.539429 1.520949e-08
3.747630 1.491319e-08
3.955832 1.565874e-08
4.164034 2.203848e-08
4.372235 2.829320e-08
4.580437 2.733124e-08
4.788639 2.513410e-08
4.996840 2.001079e-08
5.205042 1.804734e-08
5.413244 2.959339e-08
5.621445 4.595797e-08
5.829647 5.725363e-08
6.037849 6.051052e-08
6.246051 4.989321e-08
6.454252 3.856501e-08
6.662454 4.538643e-08
6.870656 5.927538e-08
7.078857 7.153670e-08
7.287059 7.415669e-08
7.495261 6.494682e-08
7.703462 4.957171e-08
7.911664 4.427640e-08
8.119866 5.336922e-08
8.328067 6.399909e-08
8.536269 6.960486e-08
8.744471 6.423221e-08
8.952672 4.997145e-08
9.160874 4.170594e-08
9.369076 4.312001e-08
9.577277 4.601921e-08
9.785479 4.632108e-08
9.993681 4.109366e-08
10.201883 3.659122e-08
10.410084 3.143263e-08
10.618286 2.979305e-08
10.826488 2.734958e-08
11.034689 2.389349e-08
11.242891 2.311826e-08
11.451093 2.260490e-08
11.659294 2.040264e-08
11.867496 1.831683e-08
12.075698 1.608969e-08
12.283899 1.465270e-08
12.492101 1.468842e-08
12.700303 1.576023e-08
12.908504 1.509356e-08
13.116706 1.296359e-08
13.324908 1.230934e-08
13.533109 1.377768e-08
13.741311 1.548643e-08
13.949513 1.603731e-08
14.157715 1.449347e-08
14.365916 1.282161e-08
14.574118 1.315520e-08
14.782320 1.512141e-08
14.990521 1.670588e-08
15.198723 1.562759e-08
15.406925 1.352105e-08
15.615126 1.184879e-08
15.823328 1.206531e-08
16.031530 1.296050e-08
16.239731 1.293775e-08
16.447933 1.148317e-08
16.656135 9.835650e-09
16.864336 9.298849e-09
17.072538 9.652275e-09
17.280740 9.693865e-09
17.488942 9.031617e-09
17.697143 8.156325e-09
17.905345 8.338538e-09
18.113547 9.382728e-09
18.321748 1.039510e-08
18.529950 1.060770e-08
18.738152 1.031237e-08
18.946353 1.059057e-08
19.154555 1.187929e-08
19.362757 1.286434e-08
19.570958 1.320745e-08
19.779160 1.314939e-08
19.987362 1.355145e-08
20.195563 1.467436e-08
20.403765 1.572147e-08
20.611967 1.594987e-08
20.820168 1.556371e-08
21.028370 1.605392e-08
21.236572 1.808231e-08
21.444774 2.117246e-08
21.652975 2.299446e-08
21.861177 2.361923e-08
22.069379 2.372304e-08
22.277580 2.554036e-08
22.485782 3.073815e-08
22.693984 3.715280e-08
22.902185 4.187762e-08
23.110387 4.330841e-08
23.318589 4.280017e-08
23.526790 4.339957e-08
23.734992 4.758010e-08
23.943194 5.423760e-08
24.151395 6.162939e-08
24.359597 6.565877e-08
24.567799 6.590077e-08
24.776000 6.360891e-08
24.984202 6.131526e-08
25.192404 6.134140e-08
25.400606 6.379045e-08
25.608807 6.685724e-08
25.817009 6.914596e-08
26.025211 6.864341e-08
26.233412 6.512845e-08
26.441614 6.024566e-08
26.649816 5.569735e-08
26.858017 5.228335e-08
27.066219 4.994227e-08
27.274421 4.845950e-08
27.482622 4.660032e-08
27.690824 4.367401e-08
27.899026 4.032640e-08
28.107227 3.681059e-08
28.315429 3.278164e-08
28.523631 2.824175e-08
28.731832 2.528401e-08
28.940034 2.436028e-08
29.148236 2.508955e-08
29.356438 2.724466e-08
29.564639 2.809618e-08
29.772841 2.699882e-08
29.981043 2.524408e-08
30.189244 2.624462e-08
30.397446 3.138533e-08
30.605648 3.912739e-08
30.813849 4.635112e-08
31.022051 4.878550e-08
31.230253 4.831914e-08
31.438454 4.873307e-08
31.646656 5.260869e-08
31.854858 6.043995e-08
32.063059 6.919816e-08
32.271261 7.371967e-08
32.479463 7.279610e-08
32.687664 6.963566e-08
32.895866 6.823375e-08
33.104068 7.016705e-08
33.312270 7.442786e-08
33.520471 7.730242e-08
33.728673 7.559357e-08
33.936875 6.985160e-08
34.145076 6.298066e-08
34.353278 5.959965e-08
34.561480 5.839156e-08
34.769681 5.889418e-08
34.977883 5.815536e-08
35.186085 5.478330e-08
35.394286 4.983604e-08
35.602488 4.483639e-08
35.810690 4.320562e-08
36.018891 4.287104e-08
36.227093 4.235857e-08
36.435295 4.179473e-08
36.643496 4.061222e-08
36.851698 3.922441e-08
37.059900 3.936598e-08
37.268102 4.070251e-08
37.476303 4.298822e-08
37.684505 4.441386e-08
37.892707 4.456096e-08
38.100908 4.418580e-08
38.309110 4.378323e-08
38.517312 4.405683e-08
38.725513 4.488845e-08
38.933715 4.548911e-08
39.141917 4.579677e-08
39.350118 4.538780e-08
39.558320 4.405803e-08
39.766522 4.259984e-08
39.974723 4.093285e-08
40.182925 3.976266e-08
40.391127 3.876362e-08
40.599328 3.741367e-08
40.807530 3.553053e-08
41.015732 3.292548e-08
41.223934 3.008170e-08
41.432135 2.734423e-08
41.640337 2.556550e-08
41.848539 2.441948e-08
42.056740 2.392714e-08
42.264942 2.349186e-08
42.473144 2.214770e-08
42.681345 2.015674e-08
42.889547 1.801548e-08
43.097749 1.636429e-08
43.305950 1.504025e-08
43.514152 1.441128e-08
43.722354 1.450833e-08
43.930555 1.456531e-08
44.138757 1.418366e-08
44.346959 1.376459e-08
44.555161 1.324466e-08
44.763362 1.267047e-08
44.971564 1.217972e-08
45.179766 1.217432e-08
45.387967 1.237474e-08
45.596169 1.231107e-08
45.804371 1.224543e-08
46.012572 1.201532e-08
46.220774 1.146562e-08
46.428976 1.110110e-08
46.637177 1.089761e-08
46.845379 1.063124e-08
47.053581 1.030554e-08
47.261782 1.018259e-08
47.469984 1.007627e-08
47.678186 9.682123e-09
47.886387 9.286069e-09
48.094589 8.996465e-09
48.302791 8.589196e-09
48.510993 8.183263e-09
48.719194 7.940976e-09
48.927396 7.806445e-09
49.135598 7.677061e-09
49.343799 7.724082e-09
49.552001 7.844862e-09
49.760203 7.882338e-09
49.968404 7.898705e-09
50.176606 7.958787e-09
50.384808 7.918457e-09
50.593009 7.706997e-09
50.801211 7.491260e-09
51.009413 7.233347e-09
51.217614 6.833313e-09
51.425816 6.531631e-09
51.634018 6.463990e-09
51.842219 6.415031e-09
52.050421 6.342076e-09
52.258623 6.357755e-09
52.466825 6.378245e-09
52.675026 6.274098e-09
52.883228 6.174443e-09
53.091430 6.119994e-09
53.299631 6.018378e-09
53.507833 5.872917e-09
53.716035 5.750064e-09
53.924236 5.679606e-09
54.132438 5.604281e-09
54.340640 5.686537e-09
54.548841 5.833302e-09
54.757043 5.914015e-09
54.965245 5.912064e-09
55.173446 5.829909e-09
55.381648 5.625379e-09
55.589850 5.285427e-09
55.798051 4.910339e-09
56.006253 4.593430e-09
56.214455 4.230522e-09
56.422657 4.070221e-09
56.630858 4.050357e-09
56.839060 4.138379e-09
57.047262 4.261129e-09
57.255463 4.396014e-09
57.463665 4.440364e-09
57.671867 4.376594e-09
57.880068 4.293381e-09
58.088270 4.151551e-09
58.296472 3.980897e-09
58.504673 3.837905e-09
58.712875 3.745007e-09
58.921077 3.732721e-09
59.129278 3.696515e-09
59.337480 3.710239e-09
59.545682 3.714363e-09
59.753883 3.626272e-09
59.962085 3.562333e-09
60.170287 3.470893e-09
60.378489 3.254368e-09
60.586690 3.020521e-09
60.794892 2.778694e-09
61.003094 2.655603e-09
61.211295 2.578438e-09
61.419497 2.611935e-09
61.627699 2.718064e-09
61.835900 2.819494e-09
62.044102 2.866217e-09
62.252304 2.871773e-09
62.460505 2.829127e-09
62.668707 2.736015e-09
62.876909 2.660101e-09
63.085110 2.586358e-09
63.293312 2.468470e-09
63.501514 2.361633e-09
63.709715 2.260063e-09
63.917917 2.210357e-09
64.126119 2.166746e-09
64.334321 2.169863e-09
64.542522 2.195701e-09
64.750724 2.168297e-09
64.958926 2.100393e-09
65.167127 2.027422e-09
65.375329 1.950639e-09
65.583531 1.866655e-09
65.791732 1.814326e-09
65.999934 1.819837e-09
66.208136 1.826821e-09
66.416337 1.835452e-09
66.624539 1.822615e-09
66.832741 1.802452e-09
67.040942 1.775650e-09
67.249144 1.766154e-09
67.457346 1.762814e-09
67.665547 1.712896e-09
67.873749 1.662944e-09
68.081951 1.617430e-09
68.290153 1.542846e-09
68.498354 1.473197e-09
68.706556 1.436854e-09
68.914758 1.432329e-09
69.122959 1.415516e-09
69.331161 1.413346e-09
69.539363 1.413993e-09
69.747564 1.393465e-09
69.955766 1.357984e-09
70.163968 1.341020e-09
70.372169 1.330396e-09
70.580371 1.310039e-09
70.788573 1.295918e-09
70.996774 1.284071e-09
71.204976 1.255995e-09
71.413178 1.232558e-09
71.621379 1.216022e-09
71.829581 1.194339e-09
72.037783 1.166773e-09
72.245985 1.163351e-09
72.454186 1.164504e-09
72.662388 1.158216e-09
72.870590 1.152253e-09
73.078791 1.138236e-09
73.286993 1.117896e-09
73.495195 1.069927e-09
73.703396 1.041018e-09
73.911598 1.028600e-09
74.119800 1.002300e-09
74.328001 9.987937e-10
74.536203 9.943298e-10
74.744405 9.955865e-10
74.952606 9.800126e-10
75.160808 9.715657e-10
75.369010 9.804978e-10
75.577212 9.762328e-10
75.785413 9.787393e-10
75.993615 9.776258e-10
76.201817 9.516523e-10
76.410018 9.242911e-10
76.618220 9.001094e-10
76.826422 8.848611e-10
77.034623 8.683031e-10
77.242825 8.667361e-10
77.451027 8.797958e-10
77.659228 8.721098e-10
77.867430 8.711303e-10
78.075632 8.573741e-10
78.283833 8.300101e-10
78.492035 8.136771e-10
78.700237 8.018680e-10
78.908438 7.973268e-10
79.116640 7.840007e-10
79.324842 7.774261e-10
79.533044 7.709221e-10
79.741245 7.660074e-10
79.949447 7.770808e-10
80.157649 7.960006e-10
80.365850 8.058838e-10
80.574052 8.039936e-10
80.782254 8.022969e-10
80.990455 7.853470e-10
81.198657 7.582010e-10
81.406859 7.347559e-10
81.615060 7.182991e-10
81.823262 7.056465e-10
82.031464 7.012450e-10
82.239665 6.966443e-10
82.447867 6.955055e-10
82.656069 6.954524e-10
82.864270 6.986948e-10
83.072472 7.040284e-10
83.280674 7.080516e-10
83.488876 7.101877e-10
83.697077 7.087430e-10
83.905279 6.974268e-10
84.113481 6.876492e-10
84.321682 6.860792e-10
84.529884 6.792589e-10
84.738086 6.776140e-10
84.946287 6.844817e-10
85.154489 6.856642e-10
85.362691 6.820334e-10
85.570892 6.767639e-10
85.779094 6.641835e-10
85.987296 6.532262e-10
86.195497 6.489357e-10
86.403699 6.422244e-10
86.611901 6.315897e-10
86.820102 6.279445e-10
87.028304 6.354802e-10
87.236506 6.446862e-10
87.444708 6.445628e-10
87.652909 6.513257e-10
87.861111 6.559061e-10
88.069313 6.556218e-10
88.277514 6.629503e-10
88.485716 6.659916e-10
88.693918 6.568208e-10
88.902119 6.458429e-10
89.110321 6.354623e-10
89.318523 6.228874e-10
89.526724 6.140298e-10
89.734926 6.143971e-10
89.943128 6.149373e-10
90.151329 6.176706e-10
90.359531 6.289899e-10
90.567733 6.337082e-10
90.775934 6.339049e-10
90.984136 6.256865e-10
91.192338 6.352914e-10
91.400540 6.443676e-10
91.608741 6.448409e-10
91.816943 6.609724e-10
92.025145 6.714753e-10
92.233346 6.659642e-10
92.441548 6.672086e-10
92.649750 6.729514e-10
92.857951 6.689311e-10
93.066153 6.694242e-10
93.274355 6.857704e-10
93.482556 6.886101e-10
93.690758 6.902504e-10
93.898960 6.943182e-10
94.107161 7.046064e-10
94.315363 6.959090e-10
94.523565 6.981908e-10
94.731766 7.163604e-10
94.939968 7.368964e-10
95.148170 7.425055e-10
95.356372 7.590742e-10
95.564573 7.660341e-10
95.772775 7.681535e-10
95.980977 7.703008e-10
96.189178 7.838535e-10
96.397380 7.935845e-10
96.605582 7.954319e-10
96.813783 8.100344e-10
97.021985 8.293336e-10
97.230187 8.332082e-10
97.438388 8.363321e-10
97.646590 8.436308e-10
97.854792 8.548402e-10
98.062993 8.526594e-10
98.271195 8.830978e-10
98.479397 9.107941e-10
98.687598 9.112684e-10
98.895800 9.315369e-10
99.104002 9.838289e-10
99.312204 9.914306e-10
99.520405 9.706196e-10
99.728607 9.967422e-10
99.936809 1.032308e-09
100.145010 1.029529e-09
100.353212 1.058187e-09
100.561414 1.080986e-09
100.769615 1.070121e-09
100.977817 1.073812e-09
101.186019 1.101433e-09
101.394220 1.112038e-09
101.602422 1.120108e-09
101.810624 1.123775e-09
102.018825 1.158980e-09
102.227027 1.164828e-09
102.435229 1.165215e-09
102.643430 1.200995e-09
102.851632 1.218070e-09
103.059834 1.205663e-09
103.268036 1.221325e-09
103.476237 1.263593e-09
103.684439 1.266026e-09
103.892641 1.267167e-09
104.100842 1.298487e-09
104.309044 1.319011e-09
104.517246 1.305528e-09
104.725447 1.329141e-09
104.933649 1.367888e-09
105.141851 1.360328e-09
105.350052 1.364017e-09
105.558254 1.405286e-09
105.766456 1.421270e-09
105.974657 1.417006e-09
106.182859 1.453638e-09
106.391061 1.470855e-09
106.599263 1.463770e-09
106.807464 1.506363e-09
107.015666 1.547649e-09
107.223868 1.553021e-09
107.432069 1.561833e-09
107.640271 1.608004e-09
107.848473 1.640998e-09
108.056674 1.640698e-09
108.264876 1.639755e-09
108.473078 1.687304e-09
108.681279 1.729827e-09
108.889481 1.749215e-09
109.097683 1.799974e-09
109.305884 1.816191e-09
109.514086 1.809260e-09
109.722288 1.860251e-09
109.930489 1.932667e-09
110.138691 1.945642e-09
110.346893 1.965932e-09
110.555095 2.018099e-09
110.763296 2.049569e-09
110.971498 2.066266e-09
111.179700 2.156168e-09
111.387901 2.215398e-09
111.596103 2.173331e-09
111.804305 2.195448e-09
112.012506 2.320005e-09
112.220708 2.375269e-09
112.428910 2.393384e-09
112.637111 2.437018e-09
112.845313 2.481051e-09
113.053515 2.493137e-09
113.261716 2.578590e-09
113.469918 2.653048e-09
113.678120 2.642419e-09
113.886321 2.658659e-09
114.094523 2.778300e-09
114.302725 2.865832e-09
114.510927 2.815172e-09
114.719128 2.883697e-09
114.927330 2.993952e-09
115.135532 2.978205e-09
115.343733 3.033508e-09
115.551935 3.129961e-09
115.760137 3.174408e-09
115.968338 3.166518e-09
116.176540 3.235778e-09
116.384742 3.391561e-09
116.592943 3.358037e-09
116.801145 3.342983e-09
117.009347 3.464502e-09
117.217548 3.503255e-09
117.425750 3.526623e-09
117.633952 3.616565e-09
117.842153 3.698154e-09
118.050355 3.628447e-09
118.258557 3.715401e-09
118.466759 3.858025e-09
118.674960 3.825285e-09
118.883162 3.859600e-09
119.091364 3.993111e-09
119.299565 4.034117e-09
119.507767 3.936547e-09
119.715969 4.112475e-09
119.924170 4.301841e-09
120.132372 4.146062e-09
120.340574 4.193046e-09
120.548775 4.364222e-09
120.756977 4.431638e-09
120.965179 4.370789e-09
121.173380 4.436396e-09
121.381582 4.644976e-09
121.589784 4.480096e-09
121.797985 4.500545e-09
122.006187 4.722147e-09
122.214389 4.707939e-09
122.422591 4.707534e-09
122.630792 4.781903e-09
122.838994 4.853326e-09
123.047196 4.798121e-09
123.255397 4.870548e-09
123.463599 5.029040e-09
123.671801 4.930530e-09
123.880002 4.917877e-09
124.088204 5.091406e-09
124.296406 5.138397e-09
124.504607 4.991351e-09
124.712809 5.096338e-09
124.921011 5.303607e-09
125.129212 5.250106e-09
125.337414 5.261912e-09
125.545616 5.274096e-09
125.753817 5.275414e-09
125.962019 5.312779e-09
126.170221 5.391053e-09
126.378423 5.525215e-09
126.586624 5.382521e-09
126.794826 5.432689e-09
127.003028 5.564651e-09
127.211229 5.529426e-09
127.419431 5.604514e-09
127.627633 5.588406e-09
127.835834 5.656624e-09
128.044036 5.657642e-09
128.252238 5.700383e-09
128.460439 5.928453e-09
128.668641 5.851323e-09
128.876843 5.781608e-09
129.085044 5.874522e-09
129.293246 5.951235e-09
129.501448 5.915099e-09
129.709649 5.974803e-09
129.917851 6.129863e-09
130.126053 6.055978e-09
130.334255 6.106576e-09
130.542456 6.195354e-09
130.750658 6.091167e-09
130.958860 6.128069e-09
131.167061 6.164236e-09
131.375263 6.307338e-09
131.583465 6.305816e-09
131.791666 6.258627e-09
131.999868 6.381407e-09
132.208070 6.317111e-09
132.416271 6.273620e-09
132.624473 6.360049e-09
132.832675 6.399860e-09
133.040876 6.225362e-09
133.249078 6.286866e-09
133.457280 6.517992e-09
133.665482 6.370036e-09
133.873683 6.335738e-09
134.081885 6.468826e-09
134.290087 6.386378e-09
134.498288 6.252392e-09
134.706490 6.381707e-09
134.914692 6.561990e-09
135.122893 6.418307e-09
135.331095 6.367525e-09
135.539297 6.486102e-09
135.747498 6.492281e-09
135.955700 6.396094e-09
136.163902 6.457540e-09
136.372103 6.538847e-09
136.580305 6.437705e-09
136.788507 6.481718e-09
136.996708 6.622860e-09
137.204910 6.577230e-09
137.413112 6.554040e-09
137.621314 6.633346e-09
137.829515 6.632127e-09
138.037717 6.672057e-09
138.245919 6.673819e-09
138.454120 6.756987e-09
138.662322 6.747911e-09
138.870524 6.750648e-09
139.078725 6.907290e-09
139.286927 6.886224e-09
139.495129 6.810565e-09
139.703330 6.829916e-09
139.911532 6.962670e-09
140.119734 6.948176e-09
140.327935 6.911077e-09
140.536137 6.995166e-09
140.744339 7.039023e-09
140.952540 6.957292e-09
141.160742 7.043607e-09
141.368944 7.162291e-09
141.577146 7.053193e-09
141.785347 7.033583e-09
141.993549 7.155785e-09
142.201751 7.197079e-09
142.409952 7.106383e-09
142.618154 7.170666e-09
142.826356 7.222087e-09
143.034557 7.189433e-09
143.242759 7.209383e-09
143.450961 7.309647e-09
143.659162 7.235876e-09
143.867364 7.155468e-09
144.075566 7.355133e-09
144.283767 7.375172e-09
144.491969 7.332467e-09
144.700171 7.338511e-09
144.908372 7.376690e-09
145.116574 7.397012e-09
145.324776 7.347844e-09
145.532978 7.505804e-09
145.741179 7.465022e-09
145.949381 7.330410e-09
146.157583 7.519707e-09
146.365784 7.558031e-09
146.573986 7.548645e-09
146.782188 7.506601e-09
146.990389 7.601124e-09
147.198591 7.617069e-09
147.406793 7.526592e-09
147.614994 7.686541e-09
147.823196 7.702064e-09
148.031398 7.641093e-09
148.239599 7.674302e-09
148.447801 7.761075e-09
148.656003 7.712706e-09
148.864204 7.744237e-09
149.072406 7.880581e-09
149.280608 7.828365e-09
149.488810 7.815844e-09
149.697011 7.942100e-09
149.905213 8.021884e-09
150.113415 7.971790e-09
150.321616 7.975194e-09
150.529818 8.074772e-09
150.738020 8.056723e-09
150.946221 8.100048e-09
151.154423 8.180350e-09
151.362625 8.283737e-09
151.570826 8.378456e-09
151.779028 8.322762e-09
151.987230 8.485396e-09
152.195431 8.474418e-09
152.403633 8.363710e-09
152.611835 8.493810e-09
152.820036 8.575409e-09
153.028238 8.657030e-09
153.236440 8.766957e-09
153.444642 8.889746e-09
153.652843 8.803324e-09
153.861045 8.700691e-09
154.069247 8.964782e-09
154.277448 9.027081e-09
154.485650 8.875457e-09
154.693852 8.941541e-09
154.902053 9.289766e-09
155.110255 9.348905e-09
155.318457 9.222675e-09
155.526658 9.416592e-09
155.734860 9.373055e-09
155.943062 9.267543e-09
156.151263 9.423099e-09
156.359465 9.627847e-09
156.567667 9.710031e-09
156.775868 9.741784e-09
156.984070 9.951682e-09
157.192272 9.893526e-09
157.400474 9.819266e-09
157.608675 9.961599e-09
157.816877 9.995048e-09
158.025079 9.978390e-09
158.233280 1.012268e-08
158.441482 1.064496e-08
158.649684 1.050778e-08
158.857885 1.026482e-08
159.066087 1.047521e-08
159.274289 1.056993e-08
159.482490 1.053374e-08
159.690692 1.049855e-08
159.898894 1.066018e-08
160.107095 1.095559e-08
160.315297 1.110807e-08
160.523499 1.112039e-08
160.731700 1.100652e-08
160.939902 1.094025e-08
161.148104 1.100651e-08
161.356306 1.107107e-08
161.564507 1.107606e-08
161.772709 1.150540e-08
161.980911 1.181542e-08
162.189112 1.138780e-08
162.397314 1.140381e-08
162.605516 1.145011e-08
162.813717 1.147271e-08
163.021919 1.159318e-08
163.230121 1.150684e-08
163.438322 1.189740e-08
163.646524 1.210289e-08
163.854726 1.192377e-08
164.062927 1.191448e-08
164.271129 1.187412e-08
164.479331 1.183616e-08
164.687533 1.181006e-08
164.895734 1.193372e-08
165.103936 1.193109e-08
165.312138 1.230361e-08
165.520339 1.246865e-08
165.728541 1.206018e-08
165.936743 1.205497e-08
166.144944 1.206725e-08
166.353146 1.212505e-08
166.561348 1.202670e-08
166.769549 1.198139e-08
166.977751 1.255424e-08
167.185953 1.259693e-08
167.394154 1.223639e-08
167.602356 1.214615e-08
167.810558 1.211767e-08
168.018759 1.221627e-08
168.226961 1.217817e-08
168.435163 1.226785e-08
168.643365 1.235630e-08
168.851566 1.250350e-08
169.059768 1.246269e-08
169.267970 1.233236e-08
169.476171 1.233127e-08
169.684373 1.213805e-08
169.892575 1.225064e-08
170.100776 1.228401e-08
170.308978 1.223015e-08
170.517180 1.274187e-08
170.725381 1.262905e-08
170.933583 1.227137e-08
171.141785 1.226781e-08
171.349986 1.238332e-08
171.558188 1.232920e-08
171.766390 1.214860e-08
171.974591 1.232635e-08
172.182793 1.246928e-08
172.390995 1.250654e-08
172.599197 1.232074e-08
172.807398 1.232786e-08
173.015600 1.230977e-08
173.223802 1.213587e-08
173.432003 1.232969e-08
173.640205 1.218985e-08
173.848407 1.216214e-08
174.056608 1.240280e-08
174.264810 1.236451e-08
174.473012 1.221557e-08
174.681213 1.206193e-08
174.889415 1.213806e-08
175.097617 1.206813e-08
175.305818 1.195197e-08
175.514020 1.218505e-08
175.722222 1.228484e-08
175.930423 1.207013e-08
176.138625 1.194391e-08
176.346827 1.208862e-08
176.555029 1.201208e-08
176.763230 1.184725e-08
176.971432 1.193757e-08
177.179634 1.195014e-08
177.387835 1.193963e-08
177.596037 1.194017e-08
177.804239 1.199865e-08
178.012440 1.188201e-08
178.220642 1.169348e-08
178.428844 1.186054e-08
178.637045 1.179513e-08
178.845247 1.171390e-08
179.053449 1.184262e-08
179.261650 1.183069e-08
179.469852 1.171933e-08
179.678054 1.166240e-08
179.886255 1.176519e-08
180.094457 1.166220e-08
180.302659 1.158572e-08
180.510861 1.170005e-08
180.719062 1.161860e-08
180.927264 1.162119e-08
181.135466 1.163326e-08
181.343667 1.156583e-08
181.551869 1.155987e-08
181.760071 1.154358e-08
181.968272 1.162735e-08
182.176474 1.162422e-08
182.384676 1.160421e-08
182.592877 1.161273e-08
182.801079 1.156375e-08
183.009281 1.157270e-08
183.217482 1.160089e-08
183.425684 1.162797e-08
183.633886 1.154561e-08
183.842087 1.162252e-08
184.050289 1.168929e-08
184.258491 1.161387e-08
184.466693 1.163229e-08
184.674894 1.165542e-08
184.883096 1.166217e-08
185.091298 1.170571e-08
185.299499 1.183492e-08
185.507701 1.186642e-08
185.715903 1.172718e-08
185.924104 1.179066e-08
186.132306 1.186035e-08
186.340508 1.187756e-08
186.548709 1.193404e-08
186.756911 1.197581e-08
186.965113 1.202274e-08
187.173314 1.203555e-08
187.381516 1.214184e-08
187.589718 1.227239e-08
187.797919 1.219503e-08
188.006121 1.220810e-08
188.214323 1.229004e-08
188.422525 1.238061e-08
188.630726 1.243424e-08
188.838928 1.252242e-08
189.047130 1.261656e-08
189.255331 1.269383e-08
189.463533 1.275937e-08
189.671735 1.275126e-08
189.879936 1.290618e-08
190.088138 1.301984e-08
190.296340 1.307657e-08
190.504541 1.322674e-08
190.712743 1.335009e-08
190.920945 1.346933e-08
191.129146 1.349925e-08
191.337348 1.361924e-08
191.545550 1.376352e-08
191.753751 1.397759e-08
191.961953 1.417670e-08
192.170155 1.424883e-08
192.378357 1.427776e-08
192.586558 1.451251e-08
192.794760 1.478586e-08
193.002962 1.471469e-08
193.211163 1.466715e-08
193.419365 1.500107e-08
193.627567 1.514983e-08
193.835768 1.514686e-08
194.043970 1.540828e-08
194.252172 1.559725e-08
194.460373 1.565068e-08
194.668575 1.566345e-08
194.876777 1.585228e-08
195.084978 1.604705e-08
195.293180 1.618278e-08
195.501382 1.636046e-08
195.709584 1.635257e-08
195.917785 1.648351e-08
196.125987 1.652751e-08
196.334189 1.672075e-08
196.542390 1.694858e-08
196.750592 1.677695e-08
196.958794 1.706581e-08
197.166995 1.730166e-08
197.375197 1.737052e-08
197.583399 1.745570e-08
197.791600 1.755814e-08
197.999802 1.779595e-08
198.208004 1.791150e-08
198.416205 1.812448e-08
198.624407 1.806446e-08
198.832609 1.816274e-08
199.040810 1.850877e-08
199.249012 1.859588e-08
199.457214 1.884830e-08
199.665416 1.864068e-08
199.873617 1.878985e-08
200.081819 1.904537e-08
200.290021 1.894648e-08
200.498222 1.937179e-08
200.706424 1.941088e-08
200.914626 1.938513e-08
201.122827 1.957749e-08
201.331029 2.003352e-08
201.539231 2.011758e-08
201.747432 1.977313e-08
201.955634 2.026334e-08
202.163836 2.015944e-08
202.372037 2.015138e-08
202.580239 2.052359e-08
202.788441 2.043669e-08
202.996642 2.064853e-08
203.204844 2.043503e-08
203.413046 2.060658e-08
203.621248 2.092351e-08
203.829449 2.068080e-08
204.037651 2.088099e-08
204.245853 2.096305e-08
204.454054 2.098941e-08
204.662256 2.126677e-08
204.870458 2.141449e-08
205.078659 2.124374e-08
205.286861 2.093027e-08
205.495063 2.118362e-08
205.703264 2.131266e-08
205.911466 2.138572e-08
206.119668 2.134307e-08
206.327869 2.147163e-08
206.536071 2.167987e-08
206.744273 2.113429e-08
206.952474 2.125703e-08
207.160676 2.143522e-08
207.368878 2.129983e-08
207.577080 2.161923e-08
207.785281 2.167550e-08
207.993483 2.168905e-08
208.201685 2.130378e-08
