0.208202 5.22632e-07
0.416403 5.22632e-07
0.624605 1.65342e-07
0.832807 1.23731e-07
1.04101 4.15497e-08
1.24921 4.18101e-08
1.45741 8.53001e-08
1.66561 8.04924e-08
1.87382 4.64867e-08
2.08202 3.3043e-08
2.29022 2.00178e-08
2.49842 2.18225e-08
2.70662 3.34889e-08
2.91482 3.44425e-08
3.12303 2.5223e-08
3.33123 1.97497e-08
3.53943 1.52095e-08
3.74763 1.49132e-08
3.95583 1.56587e-08
4.16403 2.20385e-08
4.37224 2.82932e-08
4.58044 2.73312e-08
4.78864 2.51341e-08
4.99684 2.00108e-08
5.20504 1.80473e-08
5.41324 2.95934e-08
5.62145 4.5958e-08
5.82965 5.72536e-08
6.03785 6.05105e-08
6.24605 4.98932e-08
6.45425 3.8565e-08
6.66245 4.53864e-08
6.87066 5.92754e-08
7.07886 7.15367e-08
7.28706 7.41567e-08
7.49526 6.49468e-08
7.70346 4.95717e-08
7.91166 4.42764e-08
8.11987 5.33692e-08
8.32807 6.39991e-08
8.53627 6.96049e-08
8.74447 6.42322e-08
8.95267 4.99714e-08
9.16087 4.17059e-08
9.36908 4.312e-08
9.57728 4.60192e-08
9.78548 4.63211e-08
9.99368 4.10937e-08
10.2019 3.65912e-08
10.4101 3.14326e-08
10.6183 2.97931e-08
10.8265 2.73496e-08
11.0347 2.38935e-08
11.2429 2.31183e-08
11.4511 2.26049e-08
11.6593 2.04026e-08
11.8675 1.83168e-08
12.0757 1.60897e-08
12.2839 1.46527e-08
12.4921 1.46884e-08
12.7003 1.57602e-08
12.9085 1.50936e-08
13.1167 1.29636e-08
13.3249 1.23093e-08
13.5331 1.37777e-08
13.7413 1.54864e-08
13.9495 1.60373e-08
14.1577 1.44935e-08
14.3659 1.28216e-08
14.5741 1.31552e-08
14.7823 1.51214e-08
14.9905 1.67059e-08
15.1987 1.56276e-08
15.4069 1.35211e-08
15.6151 1.18488e-08
15.8233 1.20653e-08
16.0315 1.29605e-08
16.2397 1.29378e-08
16.4479 1.14832e-08
16.6561 9.83565e-09
16.8643 9.29885e-09
17.0725 9.65227e-09
17.2807 9.69386e-09
17.4889 9.03162e-09
17.6971 8.15632e-09
17.9053 8.33854e-09
18.1135 9.38273e-09
18.3217 1.03951e-08
18.5299 1.06077e-08
18.7382 1.03124e-08
18.9464 1.05906e-08
19.1546 1.18793e-08
19.3628 1.28643e-08
19.571 1.32075e-08
19.7792 1.31494e-08
19.9874 1.35514e-08
20.1956 1.46744e-08
20.4038 1.57215e-08
20.612 1.59499e-08
20.8202 1.55637e-08
21.0284 1.60539e-08
21.2366 1.80823e-08
21.4448 2.11725e-08
21.653 2.29945e-08
21.8612 2.36192e-08
22.0694 2.3723e-08
22.2776 2.55404e-08
22.4858 3.07382e-08
22.694 3.71528e-08
22.9022 4.18776e-08
23.1104 4.33084e-08
23.3186 4.28002e-08
23.5268 4.33996e-08
23.735 4.75801e-08
23.9432 5.42376e-08
24.1514 6.16294e-08
24.3596 6.56588e-08
24.5678 6.59008e-08
24.776 6.36089e-08
24.9842 6.13153e-08
25.1924 6.13414e-08
25.4006 6.37904e-08
25.6088 6.68572e-08
25.817 6.9146e-08
26.0252 6.86434e-08
26.2334 6.51285e-08
26.4416 6.02457e-08
26.6498 5.56973e-08
26.858 5.22833e-08
27.0662 4.99423e-08
27.2744 4.84595e-08
27.4826 4.66003e-08
27.6908 4.3674e-08
27.899 4.03264e-08
28.1072 3.68106e-08
28.3154 3.27816e-08
28.5236 2.82417e-08
28.7318 2.5284e-08
28.94 2.43603e-08
29.1482 2.50895e-08
29.3564 2.72447e-08
29.5646 2.80962e-08
29.7728 2.69988e-08
29.981 2.52441e-08
30.1892 2.62446e-08
30.3974 3.13853e-08
30.6056 3.91274e-08
30.8138 4.63511e-08
31.0221 4.87855e-08
31.2303 4.83191e-08
31.4385 4.87331e-08
31.6467 5.26087e-08
31.8549 6.044e-08
32.0631 6.91982e-08
32.2713 7.37197e-08
32.4795 7.27961e-08
32.6877 6.96357e-08
32.8959 6.82338e-08
33.1041 7.01671e-08
33.3123 7.44279e-08
33.5205 7.73024e-08
33.7287 7.55936e-08
33.9369 6.98516e-08
34.1451 6.29807e-08
34.3533 5.95997e-08
34.5615 5.83916e-08
34.7697 5.88942e-08
34.9779 5.81554e-08
35.1861 5.47833e-08
35.3943 4.9836e-08
35.6025 4.48364e-08
35.8107 4.32056e-08
36.0189 4.2871e-08
36.2271 4.23586e-08
36.4353 4.17947e-08
36.6435 4.06122e-08
36.8517 3.92244e-08
37.0599 3.9366e-08
37.2681 4.07025e-08
37.4763 4.29882e-08
37.6845 4.44139e-08
37.8927 4.4561e-08
38.1009 4.41858e-08
38.3091 4.37832e-08
38.5173 4.40568e-08
38.7255 4.48885e-08
38.9337 4.54891e-08
39.1419 4.57968e-08
39.3501 4.53878e-08
39.5583 4.4058e-08
39.7665 4.25998e-08
39.9747 4.09329e-08
40.1829 3.97627e-08
40.3911 3.87636e-08
40.5993 3.74137e-08
40.8075 3.55305e-08
41.0157 3.29255e-08
41.2239 3.00817e-08
41.4321 2.73442e-08
41.6403 2.55655e-08
41.8485 2.44195e-08
42.0567 2.39271e-08
42.2649 2.34919e-08
42.4731 2.21477e-08
42.6813 2.01567e-08
42.8895 1.80155e-08
43.0977 1.63643e-08
43.306 1.50403e-08
43.5142 1.44113e-08
43.7224 1.45083e-08
43.9306 1.45653e-08
44.1388 1.41837e-08
44.347 1.37646e-08
44.5552 1.32447e-08
44.7634 1.26705e-08
44.9716 1.21797e-08
45.1798 1.21743e-08
45.388 1.23747e-08
45.5962 1.23111e-08
45.8044 1.22454e-08
46.0126 1.20153e-08
46.2208 1.14656e-08
46.429 1.11011e-08
46.6372 1.08976e-08
46.8454 1.06312e-08
47.0536 1.03055e-08
47.2618 1.01826e-08
47.47 1.00763e-08
47.6782 9.68212e-09
47.8864 9.28607e-09
48.0946 8.99647e-09
48.3028 8.5892e-09
48.511 8.18326e-09
48.7192 7.94098e-09
48.9274 7.80644e-09
49.1356 7.67706e-09
49.3438 7.72408e-09
49.552 7.84486e-09
49.7602 7.88234e-09
49.9684 7.89871e-09
50.1766 7.95879e-09
50.3848 7.91846e-09
50.593 7.707e-09
50.8012 7.49126e-09
51.0094 7.23335e-09
51.2176 6.83331e-09
51.4258 6.53163e-09
51.634 6.46399e-09
51.8422 6.41503e-09
52.0504 6.34208e-09
52.2586 6.35775e-09
52.4668 6.37825e-09
52.675 6.2741e-09
52.8832 6.17444e-09
53.0914 6.11999e-09
53.2996 6.01838e-09
53.5078 5.87292e-09
53.716 5.75006e-09
53.9242 5.67961e-09
54.1324 5.60428e-09
54.3406 5.68654e-09
54.5488 5.8333e-09
54.757 5.91401e-09
54.9652 5.91206e-09
55.1734 5.82991e-09
55.3816 5.62538e-09
55.5898 5.28543e-09
55.7981 4.91034e-09
56.0063 4.59343e-09
56.2145 4.23052e-09
56.4227 4.07022e-09
56.6309 4.05036e-09
56.8391 4.13838e-09
57.0473 4.26113e-09
57.2555 4.39601e-09
57.4637 4.44036e-09
57.6719 4.37659e-09
57.8801 4.29338e-09
58.0883 4.15155e-09
58.2965 3.9809e-09
58.5047 3.83791e-09
58.7129 3.74501e-09
58.9211 3.73272e-09
59.1293 3.69651e-09
59.3375 3.71024e-09
59.5457 3.71436e-09
59.7539 3.62627e-09
59.9621 3.56233e-09
60.1703 3.47089e-09
60.3785 3.25437e-09
60.5867 3.02052e-09
60.7949 2.77869e-09
61.0031 2.6556e-09
61.2113 2.57844e-09
61.4195 2.61193e-09
61.6277 2.71806e-09
61.8359 2.81949e-09
62.0441 2.86622e-09
62.2523 2.87177e-09
62.4605 2.82913e-09
62.6687 2.73601e-09
62.8769 2.6601e-09
63.0851 2.58636e-09
63.2933 2.46847e-09
63.5015 2.36163e-09
63.7097 2.26006e-09
63.9179 2.21036e-09
64.1261 2.16675e-09
64.3343 2.16986e-09
64.5425 2.1957e-09
64.7507 2.1683e-09
64.9589 2.10039e-09
65.1671 2.02742e-09
65.3753 1.95064e-09
65.5835 1.86666e-09
65.7917 1.81433e-09
65.9999 1.81984e-09
66.2081 1.82682e-09
66.4163 1.83545e-09
66.6245 1.82261e-09
66.8327 1.80245e-09
67.0409 1.77565e-09
67.2491 1.76615e-09
67.4573 1.76281e-09
67.6655 1.7129e-09
67.8737 1.66294e-09
68.082 1.61743e-09
68.2902 1.54285e-09
68.4984 1.4732e-09
68.7066 1.43685e-09
68.9148 1.43233e-09
69.123 1.41552e-09
69.3312 1.41335e-09
69.5394 1.41399e-09
69.7476 1.39347e-09
69.9558 1.35798e-09
70.164 1.34102e-09
70.3722 1.3304e-09
70.5804 1.31004e-09
70.7886 1.29592e-09
70.9968 1.28407e-09
71.205 1.25599e-09
71.4132 1.23256e-09
71.6214 1.21602e-09
71.8296 1.19434e-09
72.0378 1.16677e-09
72.246 1.16335e-09
72.4542 1.1645e-09
72.6624 1.15822e-09
72.8706 1.15225e-09
73.0788 1.13824e-09
73.287 1.1179e-09
73.4952 1.06993e-09
73.7034 1.04102e-09
73.9116 1.0286e-09
74.1198 1.0023e-09
74.328 9.98794e-10
74.5362 9.9433e-10
74.7444 9.95586e-10
74.9526 9.80013e-10
75.1608 9.71566e-10
75.369 9.80498e-10
75.5772 9.76233e-10
75.7854 9.78739e-10
75.9936 9.77626e-10
76.2018 9.51652e-10
76.41 9.24291e-10
76.6182 9.00109e-10
76.8264 8.84861e-10
77.0346 8.68303e-10
77.2428 8.66736e-10
77.451 8.79796e-10
77.6592 8.7211e-10
77.8674 8.7113e-10
78.0756 8.57374e-10
78.2838 8.3001e-10
78.492 8.13677e-10
78.7002 8.01868e-10
78.9084 7.97327e-10
79.1166 7.84001e-10
79.3248 7.77426e-10
79.533 7.70922e-10
79.7412 7.66007e-10
79.9494 7.77081e-10
80.1576 7.96001e-10
80.3659 8.05884e-10
80.5741 8.03994e-10
80.7823 8.02297e-10
80.9905 7.85347e-10
81.1987 7.58201e-10
81.4069 7.34756e-10
81.6151 7.18299e-10
81.8233 7.05646e-10
82.0315 7.01245e-10
82.2397 6.96644e-10
82.4479 6.95505e-10
82.6561 6.95452e-10
82.8643 6.98695e-10
83.0725 7.04028e-10
83.2807 7.08052e-10
83.4889 7.10188e-10
83.6971 7.08743e-10
83.9053 6.97427e-10
84.1135 6.87649e-10
84.3217 6.86079e-10
84.5299 6.79259e-10
84.7381 6.77614e-10
84.9463 6.84482e-10
85.1545 6.85664e-10
85.3627 6.82033e-10
85.5709 6.76764e-10
85.7791 6.64183e-10
85.9873 6.53226e-10
86.1955 6.48936e-10
86.4037 6.42224e-10
86.6119 6.3159e-10
86.8201 6.27944e-10
87.0283 6.3548e-10
87.2365 6.44686e-10
87.4447 6.44563e-10
87.6529 6.51326e-10
87.8611 6.55906e-10
88.0693 6.55622e-10
88.2775 6.6295e-10
88.4857 6.65992e-10
88.6939 6.56821e-10
88.9021 6.45843e-10
89.1103 6.35462e-10
89.3185 6.22887e-10
89.5267 6.1403e-10
89.7349 6.14397e-10
89.9431 6.14937e-10
90.1513 6.17671e-10
90.3595 6.2899e-10
90.5677 6.33708e-10
90.7759 6.33905e-10
90.9841 6.25686e-10
91.1923 6.35291e-10
91.4005 6.44368e-10
91.6087 6.44841e-10
91.8169 6.60972e-10
92.0251 6.71475e-10
92.2333 6.65964e-10
92.4415 6.67209e-10
92.6497 6.72951e-10
92.858 6.68931e-10
93.0662 6.69424e-10
93.2744 6.8577e-10
93.4826 6.8861e-10
93.6908 6.9025e-10
93.899 6.94318e-10
94.1072 7.04606e-10
94.3154 6.95909e-10
94.5236 6.98191e-10
94.7318 7.1636e-10
94.94 7.36896e-10
95.1482 7.42506e-10
95.3564 7.59074e-10
95.5646 7.66034e-10
95.7728 7.68153e-10
95.981 7.70301e-10
96.1892 7.83854e-10
96.3974 7.93584e-10
96.6056 7.95432e-10
96.8138 8.10034e-10
97.022 8.29334e-10
97.2302 8.33208e-10
97.4384 8.36332e-10
97.6466 8.43631e-10
97.8548 8.5484e-10
98.063 8.52659e-10
98.2712 8.83098e-10
98.4794 9.10794e-10
98.6876 9.11268e-10
98.8958 9.31537e-10
99.104 9.83829e-10
99.3122 9.91431e-10
99.5204 9.7062e-10
99.7286 9.96742e-10
99.9368 1.03231e-09
100.145 1.02953e-09
100.353 1.05819e-09
100.561 1.08099e-09
100.77 1.07012e-09
100.978 1.07381e-09
101.186 1.10143e-09
101.394 1.11204e-09
101.602 1.12011e-09
101.811 1.12378e-09
102.019 1.15898e-09
102.227 1.16483e-09
102.435 1.16522e-09
102.643 1.20099e-09
102.852 1.21807e-09
103.06 1.20566e-09
103.268 1.22133e-09
103.476 1.26359e-09
103.684 1.26603e-09
103.893 1.26717e-09
104.101 1.29849e-09
104.309 1.31901e-09
104.517 1.30553e-09
104.725 1.32914e-09
104.934 1.36789e-09
105.142 1.36033e-09
105.35 1.36402e-09
105.558 1.40529e-09
105.766 1.42127e-09
105.975 1.41701e-09
106.183 1.45364e-09
106.391 1.47086e-09
106.599 1.46377e-09
106.807 1.50636e-09
107.016 1.54765e-09
107.224 1.55302e-09
107.432 1.56183e-09
107.64 1.608e-09
107.848 1.641e-09
108.057 1.6407e-09
108.265 1.63975e-09
108.473 1.6873e-09
108.681 1.72983e-09
108.889 1.74921e-09
109.098 1.79997e-09
109.306 1.81619e-09
109.514 1.80926e-09
109.722 1.86025e-09
109.93 1.93267e-09
110.139 1.94564e-09
110.347 1.96593e-09
110.555 2.0181e-09
110.763 2.04957e-09
110.971 2.06627e-09
111.18 2.15617e-09
111.388 2.2154e-09
111.596 2.17333e-09
111.804 2.19545e-09
112.013 2.32e-09
112.221 2.37527e-09
112.429 2.39338e-09
112.637 2.43702e-09
112.845 2.48105e-09
113.054 2.49314e-09
113.262 2.57859e-09
113.47 2.65305e-09
113.678 2.64242e-09
113.886 2.65866e-09
114.095 2.7783e-09
114.303 2.86583e-09
114.511 2.81517e-09
114.719 2.8837e-09
114.927 2.99395e-09
115.136 2.9782e-09
115.344 3.03351e-09
115.552 3.12996e-09
115.76 3.17441e-09
115.968 3.16652e-09
116.177 3.23578e-09
116.385 3.39156e-09
116.593 3.35804e-09
116.801 3.34298e-09
117.009 3.4645e-09
117.218 3.50325e-09
117.426 3.52662e-09
117.634 3.61656e-09
117.842 3.69815e-09
118.05 3.62845e-09
118.259 3.7154e-09
118.467 3.85802e-09
118.675 3.82529e-09
118.883 3.8596e-09
119.091 3.99311e-09
119.3 4.03412e-09
119.508 3.93655e-09
119.716 4.11248e-09
119.924 4.30184e-09
120.132 4.14606e-09
120.341 4.19305e-09
120.549 4.36422e-09
120.757 4.43164e-09
120.965 4.37079e-09
121.173 4.4364e-09
121.382 4.64498e-09
121.59 4.4801e-09
121.798 4.50055e-09
122.006 4.72215e-09
122.214 4.70794e-09
122.423 4.70753e-09
122.631 4.7819e-09
122.839 4.85333e-09
123.047 4.79812e-09
123.255 4.87055e-09
123.464 5.02904e-09
123.672 4.93053e-09
123.88 4.91788e-09
124.088 5.09141e-09
124.296 5.1384e-09
124.505 4.99135e-09
124.713 5.09634e-09
124.921 5.30361e-09
125.129 5.25011e-09
125.337 5.26191e-09
125.546 5.2741e-09
125.754 5.27541e-09
125.962 5.31278e-09
126.17 5.39105e-09
126.378 5.52522e-09
126.587 5.38252e-09
126.795 5.43269e-09
127.003 5.56465e-09
127.211 5.52943e-09
127.419 5.60451e-09
127.628 5.58841e-09
127.836 5.65662e-09
128.044 5.65764e-09
128.252 5.70038e-09
128.46 5.92845e-09
128.669 5.85132e-09
128.877 5.78161e-09
129.085 5.87452e-09
129.293 5.95124e-09
129.501 5.9151e-09
129.71 5.9748e-09
129.918 6.12986e-09
130.126 6.05598e-09
130.334 6.10658e-09
130.542 6.19535e-09
130.751 6.09117e-09
130.959 6.12807e-09
131.167 6.16424e-09
131.375 6.30734e-09
131.583 6.30582e-09
131.792 6.25863e-09
132 6.38141e-09
132.208 6.31711e-09
132.416 6.27362e-09
132.624 6.36005e-09
132.833 6.39986e-09
133.041 6.22536e-09
133.249 6.28687e-09
133.457 6.51799e-09
133.665 6.37004e-09
133.874 6.33574e-09
134.082 6.46883e-09
134.29 6.38638e-09
134.498 6.25239e-09
134.706 6.38171e-09
134.915 6.56199e-09
135.123 6.41831e-09
135.331 6.36753e-09
135.539 6.4861e-09
135.747 6.49228e-09
135.956 6.39609e-09
136.164 6.45754e-09
136.372 6.53885e-09
136.58 6.43771e-09
136.789 6.48172e-09
136.997 6.62286e-09
137.205 6.57723e-09
137.413 6.55404e-09
137.621 6.63335e-09
137.83 6.63213e-09
138.038 6.67206e-09
138.246 6.67382e-09
138.454 6.75699e-09
138.662 6.74791e-09
138.871 6.75065e-09
139.079 6.90729e-09
139.287 6.88622e-09
139.495 6.81057e-09
139.703 6.82992e-09
139.912 6.96267e-09
140.12 6.94818e-09
140.328 6.91108e-09
140.536 6.99517e-09
140.744 7.03902e-09
140.953 6.95729e-09
141.161 7.04361e-09
141.369 7.16229e-09
141.577 7.05319e-09
141.785 7.03358e-09
141.994 7.15579e-09
142.202 7.19708e-09
142.41 7.10638e-09
142.618 7.17067e-09
142.826 7.22209e-09
143.035 7.18943e-09
143.243 7.20938e-09
143.451 7.30965e-09
143.659 7.23588e-09
143.867 7.15547e-09
144.076 7.35513e-09
144.284 7.37517e-09
144.492 7.33247e-09
144.7 7.33851e-09
144.908 7.37669e-09
145.117 7.39701e-09
145.325 7.34784e-09
145.533 7.5058e-09
145.741 7.46502e-09
145.949 7.33041e-09
146.158 7.51971e-09
146.366 7.55803e-09
146.574 7.54864e-09
146.782 7.5066e-09
146.99 7.60112e-09
147.199 7.61707e-09
147.407 7.52659e-09
147.615 7.68654e-09
147.823 7.70206e-09
148.031 7.64109e-09
148.24 7.6743e-09
148.448 7.76108e-09
148.656 7.71271e-09
148.864 7.74424e-09
149.072 7.88058e-09
149.281 7.82836e-09
149.489 7.81584e-09
149.697 7.9421e-09
149.905 8.02188e-09
150.113 7.97179e-09
150.322 7.97519e-09
150.53 8.07477e-09
150.738 8.05672e-09
150.946 8.10005e-09
151.154 8.18035e-09
151.363 8.28374e-09
151.571 8.37846e-09
151.779 8.32276e-09
151.987 8.4854e-09
152.195 8.47442e-09
152.404 8.36371e-09
152.612 8.49381e-09
152.82 8.57541e-09
153.028 8.65703e-09
153.236 8.76696e-09
153.445 8.88975e-09
153.653 8.80332e-09
153.861 8.70069e-09
154.069 8.96478e-09
154.277 9.02708e-09
154.486 8.87546e-09
154.694 8.94154e-09
154.902 9.28977e-09
155.11 9.3489e-09
155.318 9.22268e-09
155.527 9.41659e-09
155.735 9.37305e-09
155.943 9.26754e-09
156.151 9.4231e-09
156.359 9.62785e-09
156.568 9.71003e-09
156.776 9.74178e-09
156.984 9.95168e-09
157.192 9.89353e-09
157.4 9.81927e-09
157.609 9.9616e-09
157.817 9.99505e-09
158.025 9.97839e-09
158.233 1.01227e-08
158.441 1.0645e-08
158.65 1.05078e-08
158.858 1.02648e-08
159.066 1.04752e-08
159.274 1.05699e-08
159.482 1.05337e-08
159.691 1.04986e-08
159.899 1.06602e-08
160.107 1.09556e-08
160.315 1.11081e-08
160.523 1.11204e-08
160.732 1.10065e-08
160.94 1.09402e-08
161.148 1.10065e-08
161.356 1.10711e-08
161.565 1.10761e-08
161.773 1.15054e-08
161.981 1.18154e-08
162.189 1.13878e-08
162.397 1.14038e-08
162.606 1.14501e-08
162.814 1.14727e-08
163.022 1.15932e-08
163.23 1.15068e-08
163.438 1.18974e-08
163.647 1.21029e-08
163.855 1.19238e-08
164.063 1.19145e-08
164.271 1.18741e-08
164.479 1.18362e-08
164.688 1.18101e-08
164.896 1.19337e-08
165.104 1.19311e-08
165.312 1.23036e-08
165.52 1.24687e-08
165.729 1.20602e-08
165.937 1.2055e-08
166.145 1.20673e-08
166.353 1.21251e-08
166.561 1.20267e-08
166.77 1.19814e-08
166.978 1.25542e-08
167.186 1.25969e-08
167.394 1.22364e-08
167.602 1.21461e-08
167.811 1.21177e-08
168.019 1.22163e-08
168.227 1.21782e-08
168.435 1.22678e-08
168.643 1.23563e-08
168.852 1.25035e-08
169.06 1.24627e-08
169.268 1.23324e-08
169.476 1.23313e-08
169.684 1.2138e-08
169.893 1.22506e-08
170.101 1.2284e-08
170.309 1.22302e-08
170.517 1.27419e-08
170.725 1.2629e-08
170.934 1.22714e-08
171.142 1.22678e-08
171.35 1.23833e-08
171.558 1.23292e-08
171.766 1.21486e-08
171.975 1.23264e-08
172.183 1.24693e-08
172.391 1.25065e-08
172.599 1.23207e-08
172.807 1.23279e-08
173.016 1.23098e-08
173.224 1.21359e-08
173.432 1.23297e-08
173.64 1.21898e-08
173.848 1.21621e-08
174.057 1.24028e-08
174.265 1.23645e-08
174.473 1.22156e-08
174.681 1.20619e-08
174.889 1.21381e-08
175.098 1.20681e-08
175.306 1.1952e-08
175.514 1.2185e-08
175.722 1.22848e-08
175.93 1.20701e-08
176.139 1.19439e-08
176.347 1.20886e-08
176.555 1.20121e-08
176.763 1.18472e-08
176.971 1.19376e-08
177.18 1.19501e-08
177.388 1.19396e-08
177.596 1.19402e-08
177.804 1.19986e-08
178.012 1.1882e-08
178.221 1.16935e-08
178.429 1.18605e-08
178.637 1.17951e-08
178.845 1.17139e-08
179.053 1.18426e-08
179.262 1.18307e-08
179.47 1.17193e-08
179.678 1.16624e-08
179.886 1.17652e-08
180.094 1.16622e-08
180.303 1.15857e-08
180.511 1.17e-08
180.719 1.16186e-08
180.927 1.16212e-08
181.135 1.16333e-08
181.344 1.15658e-08
181.552 1.15599e-08
181.76 1.15436e-08
181.968 1.16273e-08
182.176 1.16242e-08
182.385 1.16042e-08
182.593 1.16127e-08
182.801 1.15637e-08
183.009 1.15727e-08
183.217 1.16009e-08
183.426 1.1628e-08
183.634 1.15456e-08
183.842 1.16225e-08
184.05 1.16893e-08
184.258 1.16139e-08
184.467 1.16323e-08
184.675 1.16554e-08
184.883 1.16622e-08
185.091 1.17057e-08
185.299 1.18349e-08
185.508 1.18664e-08
185.716 1.17272e-08
185.924 1.17907e-08
186.132 1.18604e-08
186.341 1.18776e-08
186.549 1.1934e-08
186.757 1.19758e-08
186.965 1.20227e-08
187.173 1.20356e-08
187.382 1.21418e-08
187.59 1.22724e-08
187.798 1.2195e-08
188.006 1.22081e-08
188.214 1.229e-08
188.423 1.23806e-08
188.631 1.24342e-08
188.839 1.25224e-08
189.047 1.26166e-08
189.255 1.26938e-08
189.464 1.27594e-08
189.672 1.27513e-08
189.88 1.29062e-08
190.088 1.30198e-08
190.296 1.30766e-08
190.505 1.32267e-08
190.713 1.33501e-08
190.921 1.34693e-08
191.129 1.34992e-08
191.337 1.36192e-08
191.546 1.37635e-08
191.754 1.39776e-08
191.962 1.41767e-08
192.17 1.42488e-08
192.378 1.42778e-08
192.587 1.45125e-08
192.795 1.47859e-08
193.003 1.47147e-08
193.211 1.46671e-08
193.419 1.50011e-08
193.628 1.51498e-08
193.836 1.51469e-08
194.044 1.54083e-08
194.252 1.55972e-08
194.46 1.56507e-08
194.669 1.56635e-08
194.877 1.58523e-08
195.085 1.6047e-08
195.293 1.61828e-08
195.501 1.63605e-08
195.71 1.63526e-08
195.918 1.64835e-08
196.126 1.65275e-08
196.334 1.67208e-08
196.542 1.69486e-08
196.751 1.6777e-08
196.959 1.70658e-08
197.167 1.73017e-08
197.375 1.73705e-08
197.583 1.74557e-08
197.792 1.75581e-08
198 1.77959e-08
198.208 1.79115e-08
198.416 1.81245e-08
198.624 1.80645e-08
198.833 1.81627e-08
199.041 1.85088e-08
199.249 1.85959e-08
199.457 1.88483e-08
199.665 1.86407e-08
199.874 1.87898e-08
200.082 1.90454e-08
200.29 1.89465e-08
200.498 1.93718e-08
200.706 1.94109e-08
200.915 1.93851e-08
201.123 1.95775e-08
201.331 2.00335e-08
201.539 2.01176e-08
201.747 1.97731e-08
201.956 2.02633e-08
202.164 2.01594e-08
202.372 2.01514e-08
202.58 2.05236e-08
202.788 2.04367e-08
202.997 2.06485e-08
203.205 2.0435e-08
203.413 2.06066e-08
203.621 2.09235e-08
203.829 2.06808e-08
204.038 2.0881e-08
204.246 2.0963e-08
204.454 2.09894e-08
204.662 2.12668e-08
204.87 2.14145e-08
205.079 2.12437e-08
205.287 2.09303e-08
205.495 2.11836e-08
205.703 2.13127e-08
205.911 2.13857e-08
206.12 2.13431e-08
206.328 2.14716e-08
206.536 2.16799e-08
206.744 2.11343e-08
206.952 2.1257e-08
207.161 2.14352e-08
207.369 2.12998e-08
207.577 2.16192e-08
207.785 2.16755e-08
207.993 2.16891e-08
208.202 2.13038e-08
