0 0.000000 0.000000 0
1 -1.500000 -0.866025 1
2 -1.500000 0.866025 1
3 0.000000 -1.732051 1
4 1.500000 -0.866025 1
5 1.500000 0.866025 1
6 0.000000 1.732051 1
7 -1.500000 -2.598076 3
8 -3.000000 -1.732051 3
9 -3.000000 0.000000 3
10 -3.000000 1.732051 3
11 -1.500000 2.598076 3
12 0.000000 -3.464102 3
13 1.500000 -2.598076 3
14 1.500000 2.598076 3
15 0.000000 3.464102 3
16 3.000000 -1.732051 3
17 3.000000 0.000000 3
18 3.000000 1.732051 3
19 -4.500000 -0.866025 4
20 -4.500000 0.866025 4
21 -1.500000 -4.330127 4
22 -3.000000 -3.464102 4
23 -3.000000 3.464102 4
24 -1.500000 4.330127 4
25 1.500000 -4.330127 4
26 1.500000 4.330127 4
27 3.000000 -3.464102 4
28 4.500000 -0.866025 4
29 4.500000 0.866025 4
30 3.000000 3.464102 4
31 -4.500000 -2.598076 5
32 -4.500000 2.598076 5
33 0.000000 -5.196152 5
34 0.000000 5.196152 5
35 4.500000 -2.598076 5
36 4.500000 2.598076 5
37 -4.500000 -4.330127 6
38 -6.000000 -3.464102 6
39 -6.000000 -1.732051 6
40 -6.000000 0.000000 6
41 -6.000000 1.732051 6
42 -6.000000 3.464102 6
43 -4.500000 4.330127 6
44 -1.500000 -6.062178 6
45 -3.000000 -5.196152 6
46 -3.000000 5.196152 6
47 -1.500000 6.062178 6
48 0.000000 -6.928203 6
49 1.500000 -6.062178 6
50 1.500000 6.062178 6
51 0.000000 6.928203 6
52 3.000000 -5.196152 6
53 4.500000 -4.330127 6
54 4.500000 4.330127 6
55 3.000000 5.196152 6
56 6.000000 -3.464102 6
57 6.000000 -1.732051 6
58 6.000000 0.000000 6
59 6.000000 1.732051 6
60 6.000000 3.464102 6
61 -7.500000 -2.598076 7
62 -7.500000 -0.866025 7
63 -7.500000 0.866025 7
64 -7.500000 2.598076 7
65 -4.500000 -6.062178 7
66 -6.000000 -5.196152 7
67 -6.000000 5.196152 7
68 -4.500000 6.062178 7
69 -1.500000 -7.794229 7
70 -3.000000 -6.928203 7
71 -3.000000 6.928203 7
72 -1.500000 7.794229 7
73 1.500000 -7.794229 7
74 1.500000 7.794229 7
75 3.000000 -6.928203 7
76 4.500000 -6.062178 7
77 4.500000 6.062178 7
78 3.000000 6.928203 7
79 6.000000 -5.196152 7
80 7.500000 -2.598076 7
81 7.500000 -0.866025 7
82 7.500000 0.866025 7
83 7.500000 2.598076 7
84 6.000000 5.196152 7
85 -7.500000 -4.330127 8
86 -7.500000 4.330127 8
87 0.000000 -8.660254 8
88 0.000000 8.660254 8
89 7.500000 -4.330127 8
90 7.500000 4.330127 8
91 -7.500000 -6.062178 9
92 -9.000000 -3.464102 9
93 -9.000000 -1.732051 9
94 -9.000000 0.000000 9
95 -9.000000 1.732051 9
96 -9.000000 3.464102 9
97 -7.500000 6.062178 9
98 -4.500000 -7.794229 9
99 -6.000000 -6.928203 9
100 -6.000000 6.928203 9
101 -4.500000 7.794229 9
102 -1.500000 -9.526279 9
103 -3.000000 -8.660254 9
104 -3.000000 8.660254 9
105 -1.500000 9.526279 9
106 1.500000 -9.526279 9
107 1.500000 9.526279 9
108 3.000000 -8.660254 9
109 4.500000 -7.794229 9
110 4.500000 7.794229 9
111 3.000000 8.660254 9
112 6.000000 -6.928203 9
113 7.500000 -6.062178 9
114 7.500000 6.062178 9
115 6.000000 6.928203 9
116 9.000000 -3.464102 9
117 9.000000 -1.732051 9
118 9.000000 0.000000 9
119 9.000000 1.732051 9
120 9.000000 3.464102 9
121 -10.500000 -2.598076 10
122 -10.500000 -0.866025 10
123 -10.500000 0.866025 10
124 -10.500000 2.598076 10
125 -7.500000 -7.794229 10
126 -9.000000 -5.196152 10
127 -9.000000 5.196152 10
128 -7.500000 7.794229 10
129 -4.500000 -9.526279 10
130 -6.000000 -8.660254 10
131 -6.000000 8.660254 10
132 -4.500000 9.526279 10
133 -3.000000 -10.392305 10
134 -3.000000 10.392305 10
135 0.000000 -10.392305 10
136 0.000000 10.392305 10
137 3.000000 -10.392305 10
138 4.500000 -9.526279 10
139 4.500000 9.526279 10
140 3.000000 10.392305 10
141 6.000000 -8.660254 10
142 7.500000 -7.794229 10
143 7.500000 7.794229 10
144 6.000000 8.660254 10
145 9.000000 -5.196152 10
146 10.500000 -2.598076 10
147 10.500000 -0.866025 10
148 10.500000 0.866025 10
149 10.500000 2.598076 10
150 9.000000 5.196152 10
151 -10.500000 -4.330127 11
152 -10.500000 4.330127 11
153 -9.000000 -6.928203 11
154 -9.000000 6.928203 11
155 -1.500000 -11.258330 11
156 -1.500000 11.258330 11
157 1.500000 -11.258330 11
158 1.500000 11.258330 11
159 9.000000 -6.928203 11
160 10.500000 -4.330127 11
161 10.500000 4.330127 11
162 9.000000 6.928203 11
163 -10.500000 -6.062178 12
164 -12.000000 -3.464102 12
165 -12.000000 -1.732051 12
166 -12.000000 0.000000 12
167 -12.000000 1.732051 12
168 -12.000000 3.464102 12
169 -10.500000 6.062178 12
170 -7.500000 -9.526279 12
171 -9.000000 -8.660254 12
172 -9.000000 8.660254 12
173 -7.500000 9.526279 12
174 -4.500000 -11.258330 12
175 -6.000000 -10.392305 12
176 -6.000000 10.392305 12
177 -4.500000 11.258330 12
178 -3.000000 -12.124356 12
179 -3.000000 12.124356 12
180 0.000000 -12.124356 12
181 0.000000 12.124356 12
182 3.000000 -12.124356 12
183 4.500000 -11.258330 12
184 4.500000 11.258330 12
185 3.000000 12.124356 12
186 6.000000 -10.392305 12
187 7.500000 -9.526279 12
188 7.500000 9.526279 12
189 6.000000 10.392305 12
190 9.000000 -8.660254 12
191 10.500000 -6.062178 12
192 10.500000 6.062178 12
193 9.000000 8.660254 12
194 12.000000 -3.464102 12
195 12.000000 -1.732051 12
196 12.000000 0.000000 12
197 12.000000 1.732051 12
198 12.000000 3.464102 12
199 -13.500000 -2.598076 13
200 -13.500000 -0.866025 13
201 -13.500000 0.866025 13
202 -13.500000 2.598076 13
203 -10.500000 -7.794229 13
204 -12.000000 -6.928203 13
205 -12.000000 -5.196152 13
206 -12.000000 5.196152 13
207 -12.000000 6.928203 13
208 -10.500000 7.794229 13
209 -7.500000 -11.258330 13
210 -9.000000 -10.392305 13
211 -9.000000 10.392305 13
212 -7.500000 11.258330 13
213 -4.500000 -12.990381 13
214 -6.000000 -12.124356 13
215 -6.000000 12.124356 13
216 -4.500000 12.990381 13
217 -1.500000 -12.990381 13
218 -1.500000 12.990381 13
219 0.000000 -13.856406 13
220 1.500000 -12.990381 13
221 1.500000 12.990381 13
222 0.000000 13.856406 13
223 4.500000 -12.990381 13
224 4.500000 12.990381 13
225 6.000000 -12.124356 13
226 7.500000 -11.258330 13
227 7.500000 11.258330 13
228 6.000000 12.124356 13
229 9.000000 -10.392305 13
230 10.500000 -7.794229 13
231 10.500000 7.794229 13
232 9.000000 10.392305 13
233 12.000000 -6.928203 13
234 12.000000 -5.196152 13
235 13.500000 -2.598076 13
236 13.500000 -0.866025 13
237 13.500000 0.866025 13
238 13.500000 2.598076 13
239 12.000000 5.196152 13
240 12.000000 6.928203 13
241 -13.500000 -6.062178 14
242 -13.500000 -4.330127 14
243 -13.500000 4.330127 14
244 -13.500000 6.062178 14
245 -10.500000 -9.526279 14
246 -12.000000 -8.660254 14
247 -12.000000 8.660254 14
248 -10.500000 9.526279 14
249 -7.500000 -12.990381 14
250 -1.500000 -14.722432 14
251 -3.000000 -13.856406 14
252 -3.000000 13.856406 14
253 -1.500000 14.722432 14
254 1.500000 -14.722432 14
255 1.500000 14.722432 14
256 3.000000 -13.856406 14
257 3.000000 13.856406 14
258 7.500000 -12.990381 14
259 10.500000 -9.526279 14
260 10.500000 9.526279 14
261 12.000000 -8.660254 14
262 13.500000 -6.062178 14
263 13.500000 -4.330127 14
264 13.500000 4.330127 14
265 13.500000 6.062178 14
266 12.000000 8.660254 14
267 -13.500000 -7.794229 15
268 -15.000000 -5.196152 15
269 -15.000000 -3.464102 15
270 -15.000000 -1.732051 15
271 -15.000000 0.000000 15
272 -15.000000 1.732051 15
273 -15.000000 3.464102 15
274 -15.000000 5.196152 15
275 -13.500000 7.794229 15
276 -10.500000 -11.258330 15
277 -12.000000 -10.392305 15
278 -12.000000 10.392305 15
279 -10.500000 11.258330 15
280 -9.000000 -12.124356 15
281 -9.000000 12.124356 15
282 -7.500000 12.990381 15
283 -4.500000 -14.722432 15
284 -6.000000 -13.856406 15
285 -6.000000 13.856406 15
286 -4.500000 14.722432 15
287 -3.000000 -15.588457 15
288 -3.000000 15.588457 15
289 0.000000 -15.588457 15
290 0.000000 15.588457 15
291 3.000000 -15.588457 15
292 4.500000 -14.722432 15
293 4.500000 14.722432 15
294 3.000000 15.588457 15
295 6.000000 -13.856406 15
296 7.500000 12.990381 15
297 6.000000 13.856406 15
298 9.000000 -12.124356 15
299 10.500000 -11.258330 15
300 10.500000 11.258330 15
301 9.000000 12.124356 15
302 12.000000 -10.392305 15
303 13.500000 -7.794229 15
304 13.500000 7.794229 15
305 12.000000 10.392305 15
306 15.000000 -5.196152 15
307 15.000000 -3.464102 15
308 15.000000 -1.732051 15
309 15.000000 0.000000 15
310 15.000000 1.732051 15
311 15.000000 3.464102 15
312 15.000000 5.196152 15
313 -16.500000 -2.598076 16
314 -16.500000 -0.866025 16
315 -16.500000 0.866025 16
316 -16.500000 2.598076 16
317 -13.500000 -9.526279 16
318 -15.000000 -6.928203 16
319 -15.000000 6.928203 16
320 -13.500000 9.526279 16
321 -10.500000 -12.990381 16
322 -10.500000 12.990381 16
323 -7.500000 -14.722432 16
324 -9.000000 -13.856406 16
325 -9.000000 13.856406 16
326 -7.500000 14.722432 16
327 -6.000000 -15.588457 16
328 -6.000000 15.588457 16
329 -1.500000 -16.454483 16
330 -1.500000 16.454483 16
331 1.500000 -16.454483 16
332 1.500000 16.454483 16
333 6.000000 -15.588457 16
334 7.500000 -14.722432 16
335 7.500000 14.722432 16
336 6.000000 15.588457 16
337 9.000000 -13.856406 16
338 10.500000 -12.990381 16
339 10.500000 12.990381 16
340 9.000000 13.856406 16
341 13.500000 -9.526279 16
342 13.500000 9.526279 16
343 15.000000 -6.928203 16
344 16.500000 -2.598076 16
345 16.500000 -0.866025 16
346 16.500000 0.866025 16
347 16.500000 2.598076 16
348 15.000000 6.928203 16
349 -16.500000 -6.062178 17
350 -16.500000 -4.330127 17
351 -16.500000 4.330127 17
352 -16.500000 6.062178 17
353 -13.500000 -11.258330 17
354 -15.000000 -8.660254 17
355 -15.000000 8.660254 17
356 -13.500000 11.258330 17
357 -12.000000 -12.124356 17
358 -12.000000 12.124356 17
359 -4.500000 -16.454483 17
360 -4.500000 16.454483 17
361 -3.000000 -17.320508 17
362 -3.000000 17.320508 17
363 0.000000 -17.320508 17
364 0.000000 17.320508 17
365 3.000000 -17.320508 17
366 4.500000 -16.454483 17
367 4.500000 16.454483 17
368 3.000000 17.320508 17
369 12.000000 -12.124356 17
370 13.500000 -11.258330 17
371 13.500000 11.258330 17
372 12.000000 12.124356 17
373 15.000000 -8.660254 17
374 16.500000 -6.062178 17
375 16.500000 -4.330127 17
376 16.500000 4.330127 17
377 16.500000 6.062178 17
378 15.000000 8.660254 17
379 -16.500000 -7.794229 18
380 -18.000000 -5.196152 18
381 -18.000000 -3.464102 18
382 -18.000000 -1.732051 18
383 -18.000000 0.000000 18
384 -18.000000 1.732051 18
385 -18.000000 3.464102 18
386 -18.000000 5.196152 18
387 -16.500000 7.794229 18
388 -13.500000 -12.990381 18
389 -15.000000 -10.392305 18
390 -15.000000 10.392305 18
391 -13.500000 12.990381 18
392 -10.500000 -14.722432 18
393 -12.000000 -13.856406 18
394 -12.000000 13.856406 18
395 -10.500000 14.722432 18
396 -7.500000 -16.454483 18
397 -9.000000 -15.588457 18
398 -9.000000 15.588457 18
399 -7.500000 16.454483 18
400 -4.500000 -18.186533 18
401 -6.000000 -17.320508 18
402 -6.000000 17.320508 18
403 -4.500000 18.186533 18
404 -1.500000 -18.186533 18
405 -1.500000 18.186533 18
406 1.500000 -18.186533 18
407 1.500000 18.186533 18
408 4.500000 -18.186533 18
409 4.500000 18.186533 18
410 6.000000 -17.320508 18
411 7.500000 -16.454483 18
412 7.500000 16.454483 18
413 6.000000 17.320508 18
414 9.000000 -15.588457 18
415 10.500000 -14.722432 18
416 10.500000 14.722432 18
417 9.000000 15.588457 18
418 12.000000 -13.856406 18
419 13.500000 -12.990381 18
420 13.500000 12.990381 18
421 12.000000 13.856406 18
422 15.000000 -10.392305 18
423 16.500000 -7.794229 18
424 16.500000 7.794229 18
425 15.000000 10.392305 18
426 18.000000 -5.196152 18
427 18.000000 -3.464102 18
428 18.000000 -1.732051 18
429 18.000000 0.000000 18
430 18.000000 1.732051 18
431 18.000000 3.464102 18
432 18.000000 5.196152 18
433 -19.500000 -4.330127 19
434 -19.500000 -2.598076 19
435 -19.500000 -0.866025 19
436 -19.500000 0.866025 19
437 -19.500000 2.598076 19
438 -19.500000 4.330127 19
439 -16.500000 -11.258330 19
440 -16.500000 -9.526279 19
441 -18.000000 -8.660254 19
442 -18.000000 -6.928203 19
443 -18.000000 6.928203 19
444 -18.000000 8.660254 19
445 -16.500000 9.526279 19
446 -16.500000 11.258330 19
447 -13.500000 -14.722432 19
448 -15.000000 -12.124356 19
449 -15.000000 12.124356 19
450 -13.500000 14.722432 19
451 -10.500000 -16.454483 19
452 -12.000000 -15.588457 19
453 -12.000000 15.588457 19
454 -10.500000 16.454483 19
455 -7.500000 -18.186533 19
456 -9.000000 -17.320508 19
457 -9.000000 17.320508 19
458 -7.500000 18.186533 19
459 -6.000000 -19.052559 19
460 -6.000000 19.052559 19
461 -1.500000 -19.918584 19
462 -3.000000 -19.052559 19
463 -3.000000 19.052559 19
464 -1.500000 19.918584 19
465 1.500000 -19.918584 19
466 0.000000 -19.052559 19
467 0.000000 19.052559 19
468 1.500000 19.918584 19
469 3.000000 -19.052559 19
470 3.000000 19.052559 19
471 6.000000 -19.052559 19
472 7.500000 -18.186533 19
473 7.500000 18.186533 19
474 6.000000 19.052559 19
475 9.000000 -17.320508 19
476 10.500000 -16.454483 19
477 10.500000 16.454483 19
478 9.000000 17.320508 19
479 12.000000 -15.588457 19
480 13.500000 -14.722432 19
481 13.500000 14.722432 19
482 12.000000 15.588457 19
483 15.000000 -12.124356 19
484 16.500000 -11.258330 19
485 16.500000 -9.526279 19
486 16.500000 9.526279 19
487 16.500000 11.258330 19
488 15.000000 12.124356 19
489 18.000000 -8.660254 19
490 18.000000 -6.928203 19
491 19.500000 -4.330127 19
492 19.500000 -2.598076 19
493 19.500000 -0.866025 19
494 19.500000 0.866025 19
495 19.500000 2.598076 19
496 19.500000 4.330127 19
497 18.000000 6.928203 19
498 18.000000 8.660254 19
499 -19.500000 -6.062178 20
500 -19.500000 6.062178 20
501 -18.000000 -10.392305 20
502 -18.000000 10.392305 20
503 -15.000000 -13.856406 20
504 -15.000000 13.856406 20
505 -10.500000 18.186533 20
506 -4.500000 -19.918584 20
507 -4.500000 19.918584 20
508 0.000000 -20.784610 20
509 0.000000 20.784610 20
510 4.500000 -19.918584 20
511 4.500000 19.918584 20
512 10.500000 18.186533 20
513 15.000000 -13.856406 20
514 15.000000 13.856406 20
515 18.000000 -10.392305 20
516 19.500000 -6.062178 20
517 19.500000 6.062178 20
518 18.000000 10.392305 20
519 -19.500000 -9.526279 21
520 -19.500000 -7.794229 21
521 -21.000000 -5.196152 21
522 -21.000000 -3.464102 21
523 -21.000000 -1.732051 21
524 -21.000000 0.000000 21
525 -21.000000 1.732051 21
526 -21.000000 3.464102 21
527 -21.000000 5.196152 21
528 -19.500000 7.794229 21
529 -19.500000 9.526279 21
530 -16.500000 -12.990381 21
531 -18.000000 -12.124356 21
532 -18.000000 12.124356 21
533 -16.500000 12.990381 21
534 -13.500000 -16.454483 21
535 -15.000000 -15.588457 21
536 -15.000000 15.588457 21
537 -13.500000 16.454483 21
538 -10.500000 -18.186533 21
539 -12.000000 -17.320508 21
540 -12.000000 17.320508 21
541 -7.500000 -19.918584 21
542 -9.000000 -19.052559 21
543 -9.000000 19.052559 21
544 -7.500000 19.918584 21
545 -6.000000 -20.784610 21
546 -6.000000 20.784610 21
547 -1.500000 -21.650635 21
548 -3.000000 -20.784610 21
549 -3.000000 20.784610 21
550 -1.500000 21.650635 21
551 1.500000 -21.650635 21
552 1.500000 21.650635 21
553 3.000000 -20.784610 21
554 3.000000 20.784610 21
555 6.000000 -20.784610 21
556 7.500000 -19.918584 21
557 7.500000 19.918584 21
558 6.000000 20.784610 21
559 9.000000 -19.052559 21
560 10.500000 -18.186533 21
561 9.000000 19.052559 21
562 12.000000 -17.320508 21
563 13.500000 -16.454483 21
564 13.500000 16.454483 21
565 12.000000 17.320508 21
566 15.000000 -15.588457 21
567 16.500000 -12.990381 21
568 16.500000 12.990381 21
569 15.000000 15.588457 21
570 18.000000 -12.124356 21
571 19.500000 -9.526279 21
572 19.500000 -7.794229 21
573 19.500000 7.794229 21
574 19.500000 9.526279 21
575 18.000000 12.124356 21
576 21.000000 -5.196152 21
577 21.000000 -3.464102 21
578 21.000000 -1.732051 21
579 21.000000 0.000000 21
580 21.000000 1.732051 21
581 21.000000 3.464102 21
582 21.000000 5.196152 21
583 -22.500000 -4.330127 22
584 -22.500000 -2.598076 22
585 -22.500000 -0.866025 22
586 -22.500000 0.866025 22
587 -22.500000 2.598076 22
588 -22.500000 4.330127 22
589 -19.500000 -11.258330 22
590 -21.000000 -8.660254 22
591 -21.000000 -6.928203 22
592 -21.000000 6.928203 22
593 -21.000000 8.660254 22
594 -19.500000 11.258330 22
595 -16.500000 -14.722432 22
596 -18.000000 -13.856406 22
597 -18.000000 13.856406 22
598 -16.500000 14.722432 22
599 -13.500000 -18.186533 22
600 -15.000000 -17.320508 22
601 -15.000000 17.320508 22
602 -13.500000 18.186533 22
603 -10.500000 -19.918584 22
604 -12.000000 -19.052559 22
605 -12.000000 19.052559 22
606 -10.500000 19.918584 22
607 -7.500000 -21.650635 22
608 -9.000000 -20.784610 22
609 -9.000000 20.784610 22
610 -7.500000 21.650635 22
611 -4.500000 -21.650635 22
612 -4.500000 21.650635 22
613 -3.000000 -22.516660 22
614 -3.000000 22.516660 22
615 0.000000 -22.516660 22
616 0.000000 22.516660 22
617 3.000000 -22.516660 22
618 4.500000 -21.650635 22
619 4.500000 21.650635 22
620 3.000000 22.516660 22
621 7.500000 -21.650635 22
622 7.500000 21.650635 22
623 9.000000 -20.784610 22
624 10.500000 -19.918584 22
625 10.500000 19.918584 22
626 9.000000 20.784610 22
627 12.000000 -19.052559 22
628 13.500000 -18.186533 22
629 13.500000 18.186533 22
630 12.000000 19.052559 22
631 15.000000 -17.320508 22
632 16.500000 -14.722432 22
633 16.500000 14.722432 22
634 15.000000 17.320508 22
635 18.000000 -13.856406 22
636 19.500000 -11.258330 22
637 19.500000 11.258330 22
638 18.000000 13.856406 22
639 21.000000 -8.660254 22
640 21.000000 -6.928203 22
641 22.500000 -4.330127 22
642 22.500000 -2.598076 22
643 22.500000 -0.866025 22
644 22.500000 0.866025 22
645 22.500000 2.598076 22
646 22.500000 4.330127 22
647 21.000000 6.928203 22
648 21.000000 8.660254 22
649 -22.500000 -7.794229 23
650 -22.500000 -6.062178 23
651 -22.500000 6.062178 23
652 -22.500000 7.794229 23
653 -19.500000 -12.990381 23
654 -21.000000 -10.392305 23
655 -21.000000 10.392305 23
656 -19.500000 12.990381 23
657 -16.500000 -16.454483 23
658 -18.000000 -15.588457 23
659 -18.000000 15.588457 23
660 -16.500000 16.454483 23
661 -4.500000 -23.382686 23
662 -6.000000 -22.516660 23
663 -6.000000 22.516660 23
664 -4.500000 23.382686 23
665 -1.500000 -23.382686 23
666 -1.500000 23.382686 23
667 1.500000 -23.382686 23
668 1.500000 23.382686 23
669 4.500000 -23.382686 23
670 4.500000 23.382686 23
671 6.000000 -22.516660 23
672 6.000000 22.516660 23
673 16.500000 -16.454483 23
674 16.500000 16.454483 23
675 18.000000 -15.588457 23
676 19.500000 -12.990381 23
677 19.500000 12.990381 23
678 18.000000 15.588457 23
679 21.000000 -10.392305 23
680 22.500000 -7.794229 23
681 22.500000 -6.062178 23
682 22.500000 6.062178 23
683 22.500000 7.794229 23
684 21.000000 10.392305 23
685 -22.500000 -9.526279 24
686 -24.000000 -6.928203 24
687 -24.000000 -5.196152 24
688 -24.000000 -3.464102 24
689 -24.000000 -1.732051 24
690 -24.000000 0.000000 24
691 -24.000000 1.732051 24
692 -24.000000 3.464102 24
693 -24.000000 5.196152 24
694 -24.000000 6.928203 24
695 -22.500000 9.526279 24
696 -19.500000 -14.722432 24
697 -21.000000 -12.124356 24
698 -21.000000 12.124356 24
699 -19.500000 14.722432 24
700 -16.500000 -18.186533 24
701 -18.000000 -17.320508 24
702 -18.000000 17.320508 24
703 -16.500000 18.186533 24
704 -13.500000 -19.918584 24
705 -15.000000 -19.052559 24
706 -15.000000 19.052559 24
707 -13.500000 19.918584 24
708 -10.500000 -21.650635 24
709 -12.000000 -20.784610 24
710 -12.000000 20.784610 24
711 -10.500000 21.650635 24
712 -7.500000 -23.382686 24
713 -9.000000 -22.516660 24
714 -9.000000 22.516660 24
715 -7.500000 23.382686 24
716 -6.000000 -24.248711 24
717 -6.000000 24.248711 24
718 -3.000000 -24.248711 24
719 -3.000000 24.248711 24
720 0.000000 -24.248711 24
721 0.000000 24.248711 24
722 3.000000 -24.248711 24
723 3.000000 24.248711 24
724 6.000000 -24.248711 24
725 7.500000 -23.382686 24
726 7.500000 23.382686 24
727 6.000000 24.248711 24
728 9.000000 -22.516660 24
729 10.500000 -21.650635 24
730 10.500000 21.650635 24
731 9.000000 22.516660 24
732 12.000000 -20.784610 24
733 13.500000 -19.918584 24
734 13.500000 19.918584 24
735 12.000000 20.784610 24
736 15.000000 -19.052559 24
737 16.500000 -18.186533 24
738 16.500000 18.186533 24
739 15.000000 19.052559 24
740 18.000000 -17.320508 24
741 19.500000 -14.722432 24
742 19.500000 14.722432 24
743 18.000000 17.320508 24
744 21.000000 -12.124356 24
745 22.500000 -9.526279 24
746 22.500000 9.526279 24
747 21.000000 12.124356 24
748 24.000000 -6.928203 24
749 24.000000 -5.196152 24
750 24.000000 -3.464102 24
751 24.000000 -1.732051 24
752 24.000000 0.000000 24
753 24.000000 1.732051 24
754 24.000000 3.464102 24
755 24.000000 5.196152 24
756 24.000000 6.928203 24
757 -25.500000 -4.330127 25
758 -25.500000 -2.598076 25
759 -25.500000 -0.866025 25
760 -25.500000 0.866025 25
761 -25.500000 2.598076 25
762 -25.500000 4.330127 25
763 -22.500000 -12.990381 25
764 -22.500000 -11.258330 25
765 -24.000000 -8.660254 25
766 -24.000000 8.660254 25
767 -22.500000 11.258330 25
768 -22.500000 12.990381 25
769 -19.500000 -16.454483 25
770 -21.000000 -13.856406 25
771 -21.000000 13.856406 25
772 -19.500000 16.454483 25
773 -16.500000 -19.918584 25
774 -16.500000 19.918584 25
775 -13.500000 -21.650635 25
776 -15.000000 -20.784610 25
777 -15.000000 20.784610 25
778 -13.500000 21.650635 25
779 -10.500000 -23.382686 25
780 -12.000000 -22.516660 25
781 -12.000000 22.516660 25
782 -10.500000 23.382686 25
783 -9.000000 -24.248711 25
784 -9.000000 24.248711 25
785 -4.500000 -25.114737 25
786 -4.500000 25.114737 25
787 -1.500000 -25.114737 25
788 -1.500000 25.114737 25
789 0.000000 -25.980762 25
790 1.500000 -25.114737 25
791 1.500000 25.114737 25
792 0.000000 25.980762 25
793 4.500000 -25.114737 25
794 4.500000 25.114737 25
795 9.000000 -24.248711 25
796 10.500000 -23.382686 25
797 10.500000 23.382686 25
798 9.000000 24.248711 25
799 12.000000 -22.516660 25
800 13.500000 -21.650635 25
801 13.500000 21.650635 25
802 12.000000 22.516660 25
803 15.000000 -20.784610 25
804 16.500000 -19.918584 25
805 16.500000 19.918584 25
806 15.000000 20.784610 25
807 19.500000 -16.454483 25
808 19.500000 16.454483 25
809 21.000000 -13.856406 25
810 22.500000 -12.990381 25
811 22.500000 -11.258330 25
812 22.500000 11.258330 25
813 22.500000 12.990381 25
814 21.000000 13.856406 25
815 24.000000 -8.660254 25
816 25.500000 -4.330127 25
817 25.500000 -2.598076 25
818 25.500000 -0.866025 25
819 25.500000 0.866025 25
820 25.500000 2.598076 25
821 25.500000 4.330127 25
822 24.000000 8.660254 25
823 -25.500000 -7.794229 26
824 -25.500000 -6.062178 26
825 -25.500000 6.062178 26
826 -25.500000 7.794229 26
827 -22.500000 -14.722432 26
828 -24.000000 -12.124356 26
829 -24.000000 -10.392305 26
830 -24.000000 10.392305 26
831 -24.000000 12.124356 26
832 -22.500000 14.722432 26
833 -19.500000 -18.186533 26
834 -21.000000 -15.588457 26
835 -21.000000 15.588457 26
836 -19.500000 18.186533 26
837 -18.000000 -19.052559 26
838 -18.000000 19.052559 26
839 -13.500000 23.382686 26
840 -7.500000 -25.114737 26
841 -7.500000 25.114737 26
842 -6.000000 -25.980762 26
843 -6.000000 25.980762 26
844 -1.500000 -26.846788 26
845 -3.000000 -25.980762 26
846 -3.000000 25.980762 26
847 -1.500000 26.846788 26
848 1.500000 -26.846788 26
849 1.500000 26.846788 26
850 3.000000 -25.980762 26
851 3.000000 25.980762 26
852 6.000000 -25.980762 26
853 7.500000 -25.114737 26
854 7.500000 25.114737 26
855 6.000000 25.980762 26
856 13.500000 23.382686 26
857 18.000000 -19.052559 26
858 19.500000 -18.186533 26
859 19.500000 18.186533 26
860 18.000000 19.052559 26
861 21.000000 -15.588457 26
862 22.500000 -14.722432 26
863 22.500000 14.722432 26
864 21.000000 15.588457 26
865 24.000000 -12.124356 26
866 24.000000 -10.392305 26
867 25.500000 -7.794229 26
868 25.500000 -6.062178 26
869 25.500000 6.062178 26
870 25.500000 7.794229 26
871 24.000000 10.392305 26
872 24.000000 12.124356 26
873 -25.500000 -11.258330 27
874 -25.500000 -9.526279 27
875 -27.000000 -6.928203 27
876 -27.000000 -5.196152 27
877 -27.000000 -3.464102 27
878 -27.000000 -1.732051 27
879 -27.000000 0.000000 27
880 -27.000000 1.732051 27
881 -27.000000 3.464102 27
882 -27.000000 5.196152 27
883 -27.000000 6.928203 27
884 -25.500000 9.526279 27
885 -25.500000 11.258330 27
886 -22.500000 -16.454483 27
887 -24.000000 -13.856406 27
888 -24.000000 13.856406 27
889 -22.500000 16.454483 27
890 -19.500000 -19.918584 27
891 -21.000000 -17.320508 27
892 -21.000000 17.320508 27
893 -19.500000 19.918584 27
894 -16.500000 -21.650635 27
895 -18.000000 -20.784610 27
896 -18.000000 20.784610 27
897 -16.500000 21.650635 27
898 -13.500000 -23.382686 27
899 -15.000000 -22.516660 27
900 -15.000000 22.516660 27
901 -10.500000 -25.114737 27
902 -12.000000 -24.248711 27
903 -12.000000 24.248711 27
904 -10.500000 25.114737 27
905 -7.500000 -26.846788 27
906 -9.000000 -25.980762 27
907 -9.000000 25.980762 27
908 -7.500000 26.846788 27
909 -4.500000 -26.846788 27
910 -4.500000 26.846788 27
911 -3.000000 -27.712813 27
912 -3.000000 27.712813 27
913 0.000000 -27.712813 27
914 0.000000 27.712813 27
915 3.000000 -27.712813 27
916 4.500000 -26.846788 27
917 4.500000 26.846788 27
918 3.000000 27.712813 27
919 7.500000 -26.846788 27
920 7.500000 26.846788 27
921 9.000000 -25.980762 27
922 10.500000 -25.114737 27
923 10.500000 25.114737 27
924 9.000000 25.980762 27
925 12.000000 -24.248711 27
926 13.500000 -23.382686 27
927 12.000000 24.248711 27
928 15.000000 -22.516660 27
929 16.500000 -21.650635 27
930 16.500000 21.650635 27
931 15.000000 22.516660 27
932 18.000000 -20.784610 27
933 19.500000 -19.918584 27
934 19.500000 19.918584 27
935 18.000000 20.784610 27
936 21.000000 -17.320508 27
937 22.500000 -16.454483 27
938 22.500000 16.454483 27
939 21.000000 17.320508 27
940 24.000000 -13.856406 27
941 25.500000 -11.258330 27
942 25.500000 -9.526279 27
943 25.500000 9.526279 27
944 25.500000 11.258330 27
945 24.000000 13.856406 27
946 27.000000 -6.928203 27
947 27.000000 -5.196152 27
948 27.000000 -3.464102 27
949 27.000000 -1.732051 27
950 27.000000 0.000000 27
951 27.000000 1.732051 27
952 27.000000 3.464102 27
953 27.000000 5.196152 27
954 27.000000 6.928203 27
955 -28.500000 -4.330127 28
956 -28.500000 -2.598076 28
957 -28.500000 -0.866025 28
958 -28.500000 0.866025 28
959 -28.500000 2.598076 28
960 -28.500000 4.330127 28
961 -25.500000 -12.990381 28
962 -27.000000 -10.392305 28
963 -27.000000 -8.660254 28
964 -27.000000 8.660254 28
965 -27.000000 10.392305 28
966 -25.500000 12.990381 28
967 -22.500000 -18.186533 28
968 -24.000000 -15.588457 28
969 -24.000000 15.588457 28
970 -22.500000 18.186533 28
971 -21.000000 -19.052559 28
972 -21.000000 19.052559 28
973 -16.500000 -23.382686 28
974 -18.000000 -22.516660 28
975 -18.000000 22.516660 28
976 -16.500000 23.382686 28
977 -13.500000 -25.114737 28
978 -15.000000 -24.248711 28
979 -15.000000 24.248711 28
980 -13.500000 25.114737 28
981 -10.500000 -26.846788 28
982 -12.000000 -25.980762 28
983 -12.000000 25.980762 28
984 -10.500000 26.846788 28
985 -4.500000 -28.578838 28
986 -6.000000 -27.712813 28
987 -6.000000 27.712813 28
988 -4.500000 28.578838 28
989 -1.500000 -28.578838 28
990 -1.500000 28.578838 28
991 1.500000 -28.578838 28
992 1.500000 28.578838 28
993 4.500000 -28.578838 28
994 4.500000 28.578838 28
995 6.000000 -27.712813 28
996 6.000000 27.712813 28
997 10.500000 -26.846788 28
998 10.500000 26.846788 28
999 12.000000 -25.980762 28
1000 13.500000 -25.114737 28
1001 13.500000 25.114737 28
1002 12.000000 25.980762 28
1003 15.000000 -24.248711 28
1004 16.500000 -23.382686 28
1005 16.500000 23.382686 28
1006 15.000000 24.248711 28
1007 18.000000 -22.516660 28
1008 18.000000 22.516660 28
1009 21.000000 -19.052559 28
1010 22.500000 -18.186533 28
1011 22.500000 18.186533 28
1012 21.000000 19.052559 28
1013 24.000000 -15.588457 28
1014 25.500000 -12.990381 28
1015 25.500000 12.990381 28
1016 24.000000 15.588457 28
1017 27.000000 -10.392305 28
1018 27.000000 -8.660254 28
1019 28.500000 -4.330127 28
1020 28.500000 -2.598076 28
1021 28.500000 -0.866025 28
1022 28.500000 0.866025 28
1023 28.500000 2.598076 28
1024 28.500000 4.330127 28
1025 27.000000 8.660254 28
1026 27.000000 10.392305 28
1027 -28.500000 -7.794229 29
1028 -28.500000 -6.062178 29
1029 -28.500000 6.062178 29
1030 -28.500000 7.794229 29
1031 -25.500000 -14.722432 29
1032 -27.000000 -12.124356 29
1033 -27.000000 12.124356 29
1034 -25.500000 14.722432 29
1035 -24.000000 -17.320508 29
1036 -24.000000 17.320508 29
1037 -19.500000 -21.650635 29
1038 -21.000000 -20.784610 29
1039 -21.000000 20.784610 29
1040 -19.500000 21.650635 29
1041 -15.000000 -25.980762 29
1042 -15.000000 25.980762 29
1043 -7.500000 -28.578838 29
1044 -9.000000 -27.712813 29
1045 -9.000000 27.712813 29
1046 -7.500000 28.578838 29
1047 -3.000000 -29.444864 29
1048 -3.000000 29.444864 29
1049 0.000000 -29.444864 29
1050 0.000000 29.444864 29
1051 3.000000 -29.444864 29
1052 3.000000 29.444864 29
1053 7.500000 -28.578838 29
1054 7.500000 28.578838 29
1055 9.000000 -27.712813 29
1056 9.000000 27.712813 29
1057 15.000000 -25.980762 29
1058 15.000000 25.980762 29
1059 19.500000 -21.650635 29
1060 19.500000 21.650635 29
1061 21.000000 -20.784610 29
1062 21.000000 20.784610 29
1063 24.000000 -17.320508 29
1064 25.500000 -14.722432 29
1065 25.500000 14.722432 29
1066 24.000000 17.320508 29
1067 27.000000 -12.124356 29
1068 28.500000 -7.794229 29
1069 28.500000 -6.062178 29
1070 28.500000 6.062178 29
1071 28.500000 7.794229 29
1072 27.000000 12.124356 29
1073 -28.500000 -11.258330 30
1074 -28.500000 -9.526279 30
1075 -30.000000 -6.928203 30
1076 -30.000000 -5.196152 30
1077 -30.000000 -3.464102 30
1078 -30.000000 -1.732051 30
1079 -30.000000 0.000000 30
1080 -30.000000 1.732051 30
1081 -30.000000 3.464102 30
1082 -30.000000 5.196152 30
1083 -30.000000 6.928203 30
1084 -28.500000 9.526279 30
1085 -28.500000 11.258330 30
1086 -25.500000 -16.454483 30
1087 -27.000000 -13.856406 30
1088 -27.000000 13.856406 30
1089 -25.500000 16.454483 30
1090 -22.500000 -19.918584 30
1091 -24.000000 -19.052559 30
1092 -24.000000 19.052559 30
1093 -22.500000 19.918584 30
1094 -19.500000 -23.382686 30
1095 -21.000000 -22.516660 30
1096 -21.000000 22.516660 30
1097 -19.500000 23.382686 30
1098 -16.500000 -25.114737 30
1099 -18.000000 -24.248711 30
1100 -18.000000 24.248711 30
1101 -16.500000 25.114737 30
1102 -13.500000 -26.846788 30
1103 -13.500000 26.846788 30
1104 -10.500000 -28.578838 30
1105 -12.000000 -27.712813 30
1106 -12.000000 27.712813 30
1107 -10.500000 28.578838 30
1108 -9.000000 -29.444864 30
1109 -9.000000 29.444864 30
1110 -4.500000 -30.310889 30
1111 -6.000000 -29.444864 30
1112 -6.000000 29.444864 30
1113 -4.500000 30.310889 30
1114 -1.500000 -30.310889 30
1115 -1.500000 30.310889 30
1116 1.500000 -30.310889 30
1117 1.500000 30.310889 30
1118 4.500000 -30.310889 30
1119 4.500000 30.310889 30
1120 6.000000 -29.444864 30
1121 6.000000 29.444864 30
1122 9.000000 -29.444864 30
1123 10.500000 -28.578838 30
1124 10.500000 28.578838 30
1125 9.000000 29.444864 30
1126 12.000000 -27.712813 30
1127 13.500000 -26.846788 30
1128 13.500000 26.846788 30
1129 12.000000 27.712813 30
1130 16.500000 -25.114737 30
1131 16.500000 25.114737 30
1132 18.000000 -24.248711 30
1133 19.500000 -23.382686 30
1134 19.500000 23.382686 30
1135 18.000000 24.248711 30
1136 21.000000 -22.516660 30
1137 22.500000 -19.918584 30
1138 22.500000 19.918584 30
1139 21.000000 22.516660 30
1140 24.000000 -19.052559 30
1141 25.500000 -16.454483 30
1142 25.500000 16.454483 30
1143 24.000000 19.052559 30
1144 27.000000 -13.856406 30
1145 28.500000 -11.258330 30
1146 28.500000 -9.526279 30
1147 28.500000 9.526279 30
1148 28.500000 11.258330 30
1149 27.000000 13.856406 30
1150 30.000000 -6.928203 30
1151 30.000000 -5.196152 30
1152 30.000000 -3.464102 30
1153 30.000000 -1.732051 30
1154 30.000000 0.000000 30
1155 30.000000 1.732051 30
1156 30.000000 3.464102 30
1157 30.000000 5.196152 30
1158 30.000000 6.928203 30
1159 -31.500000 -4.330127 31
1160 -31.500000 -2.598076 31
1161 -31.500000 -0.866025 31
1162 -31.500000 0.866025 31
1163 -31.500000 2.598076 31
1164 -31.500000 4.330127 31
1165 -28.500000 -12.990381 31
1166 -30.000000 -10.392305 31
1167 -30.000000 -8.660254 31
1168 -30.000000 8.660254 31
1169 -30.000000 10.392305 31
1170 -28.500000 12.990381 31
1171 -25.500000 -18.186533 31
1172 -27.000000 -15.588457 31
1173 -27.000000 15.588457 31
1174 -25.500000 18.186533 31
1175 -22.500000 -21.650635 31
1176 -24.000000 -20.784610 31
1177 -24.000000 20.784610 31
1178 -22.500000 21.650635 31
1179 -19.500000 -25.114737 31
1180 -19.500000 25.114737 31
1181 -16.500000 -26.846788 31
1182 -18.000000 -25.980762 31
1183 -18.000000 25.980762 31
1184 -16.500000 26.846788 31
1185 -13.500000 -28.578838 31
1186 -15.000000 -27.712813 31
1187 -15.000000 27.712813 31
1188 -13.500000 28.578838 31
1189 -12.000000 -29.444864 31
1190 -12.000000 29.444864 31
1191 -7.500000 -30.310889 31
1192 -7.500000 30.310889 31
1193 -6.000000 -31.176915 31
1194 -6.000000 31.176915 31
1195 -3.000000 -31.176915 31
1196 -3.000000 31.176915 31
1197 0.000000 -31.176915 31
1198 0.000000 31.176915 31
1199 3.000000 -31.176915 31
1200 3.000000 31.176915 31
1201 6.000000 -31.176915 31
1202 7.500000 -30.310889 31
1203 7.500000 30.310889 31
1204 6.000000 31.176915 31
1205 12.000000 -29.444864 31
1206 13.500000 -28.578838 31
1207 13.500000 28.578838 31
1208 12.000000 29.444864 31
1209 15.000000 -27.712813 31
1210 16.500000 -26.846788 31
1211 16.500000 26.846788 31
1212 15.000000 27.712813 31
1213 18.000000 -25.980762 31
1214 19.500000 -25.114737 31
1215 19.500000 25.114737 31
1216 18.000000 25.980762 31
1217 22.500000 -21.650635 31
1218 22.500000 21.650635 31
1219 24.000000 -20.784610 31
1220 25.500000 -18.186533 31
1221 25.500000 18.186533 31
1222 24.000000 20.784610 31
1223 27.000000 -15.588457 31
1224 28.500000 -12.990381 31
1225 28.500000 12.990381 31
1226 27.000000 15.588457 31
1227 30.000000 -10.392305 31
1228 30.000000 -8.660254 31
1229 31.500000 -4.330127 31
1230 31.500000 -2.598076 31
1231 31.500000 -0.866025 31
1232 31.500000 0.866025 31
1233 31.500000 2.598076 31
1234 31.500000 4.330127 31
1235 30.000000 8.660254 31
1236 30.000000 10.392305 31
