0 1024.000000 1024.000000 0
1 980.800000 999.058468 1
2 980.800000 1048.941532 1
3 1024.000000 974.116937 1
4 1067.200000 999.058468 1
5 1067.200000 1048.941532 1
6 1024.000000 1073.883063 1
7 980.800000 949.175405 3
8 937.600000 974.116937 3
9 937.600000 1024.000000 3
10 937.600000 1073.883063 3
11 980.800000 1098.824595 3
12 1024.000000 924.233873 3
13 1067.200000 949.175405 3
14 1067.200000 1098.824595 3
15 1024.000000 1123.766127 3
16 1110.400000 974.116937 3
17 1110.400000 1024.000000 3
18 1110.400000 1073.883063 3
19 894.400000 999.058468 4
20 894.400000 1048.941532 4
21 980.800000 899.292342 4
22 937.600000 924.233873 4
23 937.600000 1123.766127 4
24 980.800000 1148.707658 4
25 1067.200000 899.292342 4
26 1067.200000 1148.707658 4
27 1110.400000 924.233873 4
28 1153.600000 999.058468 4
29 1153.600000 1048.941532 4
30 1110.400000 1123.766127 4
31 894.400000 949.175405 5
32 894.400000 1098.824595 5
33 1024.000000 874.350810 5
34 1024.000000 1173.649190 5
35 1153.600000 949.175405 5
36 1153.600000 1098.824595 5
37 894.400000 899.292342 6
38 851.200000 924.233873 6
39 851.200000 974.116937 6
40 851.200000 1024.000000 6
41 851.200000 1073.883063 6
42 851.200000 1123.766127 6
43 894.400000 1148.707658 6
44 980.800000 849.409279 6
45 937.600000 874.350810 6
46 937.600000 1173.649190 6
47 980.800000 1198.590721 6
48 1024.000000 824.467747 6
49 1067.200000 849.409279 6
50 1067.200000 1198.590721 6
51 1024.000000 1223.532253 6
52 1110.400000 874.350810 6
53 1153.600000 899.292342 6
54 1153.600000 1148.707658 6
55 1110.400000 1173.649190 6
56 1196.800000 924.233873 6
57 1196.800000 974.116937 6
58 1196.800000 1024.000000 6
59 1196.800000 1073.883063 6
60 1196.800000 1123.766127 6
61 808.000000 949.175405 7
62 808.000000 999.058468 7
63 808.000000 1048.941532 7
64 808.000000 1098.824595 7
65 894.400000 849.409279 7
66 851.200000 874.350810 7
67 851.200000 1173.649190 7
68 894.400000 1198.590721 7
69 980.800000 799.526215 7
70 937.600000 824.467747 7
71 937.600000 1223.532253 7
72 980.800000 1248.473785 7
73 1067.200000 799.526215 7
74 1067.200000 1248.473785 7
75 1110.400000 824.467747 7
76 1153.600000 849.409279 7
77 1153.600000 1198.590721 7
78 1110.400000 1223.532253 7
79 1196.800000 874.350810 7
80 1240.000000 949.175405 7
81 1240.000000 999.058468 7
82 1240.000000 1048.941532 7
83 1240.000000 1098.824595 7
84 1196.800000 1173.649190 7
85 808.000000 899.292342 8
86 808.000000 1148.707658 8
87 1024.000000 774.584684 8
88 1024.000000 1273.415316 8
89 1240.000000 899.292342 8
90 1240.000000 1148.707658 8
91 808.000000 849.409279 9
92 764.800000 924.233873 9
93 764.800000 974.116937 9
94 764.800000 1024.000000 9
95 764.800000 1073.883063 9
96 764.800000 1123.766127 9
97 808.000000 1198.590721 9
98 894.400000 799.526215 9
99 851.200000 824.467747 9
100 851.200000 1223.532253 9
101 894.400000 1248.473785 9
102 980.800000 749.643152 9
103 937.600000 774.584684 9
104 937.600000 1273.415316 9
105 980.800000 1298.356848 9
106 1067.200000 749.643152 9
107 1067.200000 1298.356848 9
108 1110.400000 774.584684 9
109 1153.600000 799.526215 9
110 1153.600000 1248.473785 9
111 1110.400000 1273.415316 9
112 1196.800000 824.467747 9
113 1240.000000 849.409279 9
114 1240.000000 1198.590721 9
115 1196.800000 1223.532253 9
116 1283.200000 924.233873 9
117 1283.200000 974.116937 9
118 1283.200000 1024.000000 9
119 1283.200000 1073.883063 9
120 1283.200000 1123.766127 9
121 721.600000 949.175405 10
122 721.600000 999.058468 10
123 721.600000 1048.941532 10
124 721.600000 1098.824595 10
125 808.000000 799.526215 10
126 764.800000 874.350810 10
127 764.800000 1173.649190 10
128 808.000000 1248.473785 10
129 894.400000 749.643152 10
130 851.200000 774.584684 10
131 851.200000 1273.415316 10
132 894.400000 1298.356848 10
133 937.600000 724.701620 10
134 937.600000 1323.298380 10
135 1024.000000 724.701620 10
136 1024.000000 1323.298380 10
137 1110.400000 724.701620 10
138 1153.600000 749.643152 10
139 1153.600000 1298.356848 10
140 1110.400000 1323.298380 10
141 1196.800000 774.584684 10
142 1240.000000 799.526215 10
143 1240.000000 1248.473785 10
144 1196.800000 1273.415316 10
145 1283.200000 874.350810 10
146 1326.400000 949.175405 10
147 1326.400000 999.058468 10
148 1326.400000 1048.941532 10
149 1326.400000 1098.824595 10
150 1283.200000 1173.649190 10
151 721.600000 899.292342 11
152 721.600000 1148.707658 11
153 764.800000 824.467747 11
154 764.800000 1223.532253 11
155 980.800000 699.760089 11
156 980.800000 1348.239911 11
157 1067.200000 699.760089 11
158 1067.200000 1348.239911 11
159 1283.200000 824.467747 11
160 1326.400000 899.292342 11
161 1326.400000 1148.707658 11
162 1283.200000 1223.532253 11
163 721.600000 849.409279 12
164 678.400000 924.233873 12
165 678.400000 974.116937 12
166 678.400000 1024.000000 12
167 678.400000 1073.883063 12
168 678.400000 1123.766127 12
169 721.600000 1198.590721 12
170 808.000000 749.643152 12
171 764.800000 774.584684 12
172 764.800000 1273.415316 12
173 808.000000 1298.356848 12
174 894.400000 699.760089 12
175 851.200000 724.701620 12
176 851.200000 1323.298380 12
177 894.400000 1348.239911 12
178 937.600000 674.818557 12
179 937.600000 1373.181443 12
180 1024.000000 674.818557 12
181 1024.000000 1373.181443 12
182 1110.400000 674.818557 12
183 1153.600000 699.760089 12
184 1153.600000 1348.239911 12
185 1110.400000 1373.181443 12
186 1196.800000 724.701620 12
187 1240.000000 749.643152 12
188 1240.000000 1298.356848 12
189 1196.800000 1323.298380 12
190 1283.200000 774.584684 12
191 1326.400000 849.409279 12
192 1326.400000 1198.590721 12
193 1283.200000 1273.415316 12
194 1369.600000 924.233873 12
195 1369.600000 974.116937 12
196 1369.600000 1024.000000 12
197 1369.600000 1073.883063 12
198 1369.600000 1123.766127 12
199 635.200000 949.175405 13
200 635.200000 999.058468 13
201 635.200000 1048.941532 13
202 635.200000 1098.824595 13
203 721.600000 799.526215 13
204 678.400000 824.467747 13
205 678.400000 874.350810 13
206 678.400000 1173.649190 13
207 678.400000 1223.532253 13
208 721.600000 1248.473785 13
209 808.000000 699.760089 13
210 764.800000 724.701620 13
211 764.800000 1323.298380 13
212 808.000000 1348.239911 13
213 894.400000 649.877026 13
214 851.200000 674.818557 13
215 851.200000 1373.181443 13
216 894.400000 1398.122974 13
217 980.800000 649.877026 13
218 980.800000 1398.122974 13
219 1024.000000 624.935494 13
220 1067.200000 649.877026 13
221 1067.200000 1398.122974 13
222 1024.000000 1423.064506 13
223 1153.600000 649.877026 13
224 1153.600000 1398.122974 13
225 1196.800000 674.818557 13
226 1240.000000 699.760089 13
227 1240.000000 1348.239911 13
228 1196.800000 1373.181443 13
229 1283.200000 724.701620 13
230 1326.400000 799.526215 13
231 1326.400000 1248.473785 13
232 1283.200000 1323.298380 13
233 1369.600000 824.467747 13
234 1369.600000 874.350810 13
235 1412.800000 949.175405 13
236 1412.800000 999.058468 13
237 1412.800000 1048.941532 13
238 1412.800000 1098.824595 13
239 1369.600000 1173.649190 13
240 1369.600000 1223.532253 13
241 635.200000 849.409279 14
242 635.200000 899.292342 14
243 635.200000 1148.707658 14
244 635.200000 1198.590721 14
245 721.600000 749.643152 14
246 678.400000 774.584684 14
247 678.400000 1273.415316 14
248 721.600000 1298.356848 14
249 808.000000 649.877026 14
250 980.800000 599.993962 14
251 937.600000 624.935494 14
252 937.600000 1423.064506 14
253 980.800000 1448.006038 14
254 1067.200000 599.993962 14
255 1067.200000 1448.006038 14
256 1110.400000 624.935494 14
257 1110.400000 1423.064506 14
258 1240.000000 649.877026 14
259 1326.400000 749.643152 14
260 1326.400000 1298.356848 14
261 1369.600000 774.584684 14
262 1412.800000 849.409279 14
263 1412.800000 899.292342 14
264 1412.800000 1148.707658 14
265 1412.800000 1198.590721 14
266 1369.600000 1273.415316 14
267 635.200000 799.526215 15
268 592.000000 874.350810 15
269 592.000000 924.233873 15
270 592.000000 974.116937 15
271 592.000000 1024.000000 15
272 592.000000 1073.883063 15
273 592.000000 1123.766127 15
274 592.000000 1173.649190 15
275 635.200000 1248.473785 15
276 721.600000 699.760089 15
277 678.400000 724.701620 15
278 678.400000 1323.298380 15
279 721.600000 1348.239911 15
280 764.800000 674.818557 15
281 764.800000 1373.181443 15
282 808.000000 1398.122974 15
283 894.400000 599.993962 15
284 851.200000 624.935494 15
285 851.200000 1423.064506 15
286 894.400000 1448.006038 15
287 937.600000 575.052431 15
288 937.600000 1472.947569 15
289 1024.000000 575.052431 15
290 1024.000000 1472.947569 15
291 1110.400000 575.052431 15
292 1153.600000 599.993962 15
293 1153.600000 1448.006038 15
294 1110.400000 1472.947569 15
295 1196.800000 624.935494 15
296 1240.000000 1398.122974 15
297 1196.800000 1423.064506 15
298 1283.200000 674.818557 15
299 1326.400000 699.760089 15
300 1326.400000 1348.239911 15
301 1283.200000 1373.181443 15
302 1369.600000 724.701620 15
303 1412.800000 799.526215 15
304 1412.800000 1248.473785 15
305 1369.600000 1323.298380 15
306 1456.000000 874.350810 15
307 1456.000000 924.233873 15
308 1456.000000 974.116937 15
309 1456.000000 1024.000000 15
310 1456.000000 1073.883063 15
311 1456.000000 1123.766127 15
312 1456.000000 1173.649190 15
313 548.800000 949.175405 16
314 548.800000 999.058468 16
315 548.800000 1048.941532 16
316 548.800000 1098.824595 16
317 635.200000 749.643152 16
318 592.000000 824.467747 16
319 592.000000 1223.532253 16
320 635.200000 1298.356848 16
321 721.600000 649.877026 16
322 721.600000 1398.122974 16
323 808.000000 599.993962 16
324 764.800000 624.935494 16
325 764.800000 1423.064506 16
326 808.000000 1448.006038 16
327 851.200000 575.052431 16
328 851.200000 1472.947569 16
329 980.800000 550.110899 16
330 980.800000 1497.889101 16
331 1067.200000 550.110899 16
332 1067.200000 1497.889101 16
333 1196.800000 575.052431 16
334 1240.000000 599.993962 16
335 1240.000000 1448.006038 16
336 1196.800000 1472.947569 16
337 1283.200000 624.935494 16
338 1326.400000 649.877026 16
339 1326.400000 1398.122974 16
340 1283.200000 1423.064506 16
341 1412.800000 749.643152 16
342 1412.800000 1298.356848 16
343 1456.000000 824.467747 16
344 1499.200000 949.175405 16
345 1499.200000 999.058468 16
346 1499.200000 1048.941532 16
347 1499.200000 1098.824595 16
348 1456.000000 1223.532253 16
349 548.800000 849.409279 17
350 548.800000 899.292342 17
351 548.800000 1148.707658 17
352 548.800000 1198.590721 17
353 635.200000 699.760089 17
354 592.000000 774.584684 17
355 592.000000 1273.415316 17
356 635.200000 1348.239911 17
357 678.400000 674.818557 17
358 678.400000 1373.181443 17
359 894.400000 550.110899 17
360 894.400000 1497.889101 17
361 937.600000 525.169367 17
362 937.600000 1522.830633 17
363 1024.000000 525.169367 17
364 1024.000000 1522.830633 17
365 1110.400000 525.169367 17
366 1153.600000 550.110899 17
367 1153.600000 1497.889101 17
368 1110.400000 1522.830633 17
369 1369.600000 674.818557 17
370 1412.800000 699.760089 17
371 1412.800000 1348.239911 17
372 1369.600000 1373.181443 17
373 1456.000000 774.584684 17
374 1499.200000 849.409279 17
375 1499.200000 899.292342 17
376 1499.200000 1148.707658 17
377 1499.200000 1198.590721 17
378 1456.000000 1273.415316 17
379 548.800000 799.526215 18
380 505.600000 874.350810 18
381 505.600000 924.233873 18
382 505.600000 974.116937 18
383 505.600000 1024.000000 18
384 505.600000 1073.883063 18
385 505.600000 1123.766127 18
386 505.600000 1173.649190 18
387 548.800000 1248.473785 18
388 635.200000 649.877026 18
389 592.000000 724.701620 18
390 592.000000 1323.298380 18
391 635.200000 1398.122974 18
392 721.600000 599.993962 18
393 678.400000 624.935494 18
394 678.400000 1423.064506 18
395 721.600000 1448.006038 18
396 808.000000 550.110899 18
397 764.800000 575.052431 18
398 764.800000 1472.947569 18
399 808.000000 1497.889101 18
400 894.400000 500.227836 18
401 851.200000 525.169367 18
402 851.200000 1522.830633 18
403 894.400000 1547.772164 18
404 980.800000 500.227836 18
405 980.800000 1547.772164 18
406 1067.200000 500.227836 18
407 1067.200000 1547.772164 18
408 1153.600000 500.227836 18
409 1153.600000 1547.772164 18
410 1196.800000 525.169367 18
411 1240.000000 550.110899 18
412 1240.000000 1497.889101 18
413 1196.800000 1522.830633 18
414 1283.200000 575.052431 18
415 1326.400000 599.993962 18
416 1326.400000 1448.006038 18
417 1283.200000 1472.947569 18
418 1369.600000 624.935494 18
419 1412.800000 649.877026 18
420 1412.800000 1398.122974 18
421 1369.600000 1423.064506 18
422 1456.000000 724.701620 18
423 1499.200000 799.526215 18
424 1499.200000 1248.473785 18
425 1456.000000 1323.298380 18
426 1542.400000 874.350810 18
427 1542.400000 924.233873 18
428 1542.400000 974.116937 18
429 1542.400000 1024.000000 18
430 1542.400000 1073.883063 18
431 1542.400000 1123.766127 18
432 1542.400000 1173.649190 18
433 462.400000 899.292342 19
434 462.400000 949.175405 19
435 462.400000 999.058468 19
436 462.400000 1048.941532 19
437 462.400000 1098.824595 19
438 462.400000 1148.707658 19
439 548.800000 699.760089 19
440 548.800000 749.643152 19
441 505.600000 774.584684 19
442 505.600000 824.467747 19
443 505.600000 1223.532253 19
444 505.600000 1273.415316 19
445 548.800000 1298.356848 19
446 548.800000 1348.239911 19
447 635.200000 599.993962 19
448 592.000000 674.818557 19
449 592.000000 1373.181443 19
450 635.200000 1448.006038 19
451 721.600000 550.110899 19
452 678.400000 575.052431 19
453 678.400000 1472.947569 19
454 721.600000 1497.889101 19
455 808.000000 500.227836 19
456 764.800000 525.169367 19
457 764.800000 1522.830633 19
458 808.000000 1547.772164 19
459 851.200000 475.286304 19
460 851.200000 1572.713696 19
461 980.800000 450.344773 19
462 937.600000 475.286304 19
463 937.600000 1572.713696 19
464 980.800000 1597.655227 19
465 1067.200000 450.344773 19
466 1024.000000 475.286304 19
467 1024.000000 1572.713696 19
468 1067.200000 1597.655227 19
469 1110.400000 475.286304 19
470 1110.400000 1572.713696 19
471 1196.800000 475.286304 19
472 1240.000000 500.227836 19
473 1240.000000 1547.772164 19
474 1196.800000 1572.713696 19
475 1283.200000 525.169367 19
476 1326.400000 550.110899 19
477 1326.400000 1497.889101 19
478 1283.200000 1522.830633 19
479 1369.600000 575.052431 19
480 1412.800000 599.993962 19
481 1412.800000 1448.006038 19
482 1369.600000 1472.947569 19
483 1456.000000 674.818557 19
484 1499.200000 699.760089 19
485 1499.200000 749.643152 19
486 1499.200000 1298.356848 19
487 1499.200000 1348.239911 19
488 1456.000000 1373.181443 19
489 1542.400000 774.584684 19
490 1542.400000 824.467747 19
491 1585.600000 899.292342 19
492 1585.600000 949.175405 19
493 1585.600000 999.058468 19
494 1585.600000 1048.941532 19
495 1585.600000 1098.824595 19
496 1585.600000 1148.707658 19
497 1542.400000 1223.532253 19
498 1542.400000 1273.415316 19
499 462.400000 849.409279 20
500 462.400000 1198.590721 20
501 505.600000 724.701620 20
502 505.600000 1323.298380 20
503 592.000000 624.935494 20
504 592.000000 1423.064506 20
505 721.600000 1547.772164 20
506 894.400000 450.344773 20
507 894.400000 1597.655227 20
508 1024.000000 425.403241 20
509 1024.000000 1622.596759 20
510 1153.600000 450.344773 20
511 1153.600000 1597.655227 20
512 1326.400000 1547.772164 20
513 1456.000000 624.935494 20
514 1456.000000 1423.064506 20
515 1542.400000 724.701620 20
516 1585.600000 849.409279 20
517 1585.600000 1198.590721 20
518 1542.400000 1323.298380 20
519 462.400000 749.643152 21
520 462.400000 799.526215 21
521 419.200000 874.350810 21
522 419.200000 924.233873 21
523 419.200000 974.116937 21
524 419.200000 1024.000000 21
525 419.200000 1073.883063 21
526 419.200000 1123.766127 21
527 419.200000 1173.649190 21
528 462.400000 1248.473785 21
529 462.400000 1298.356848 21
530 548.800000 649.877026 21
531 505.600000 674.818557 21
532 505.600000 1373.181443 21
533 548.800000 1398.122974 21
534 635.200000 550.110899 21
535 592.000000 575.052431 21
536 592.000000 1472.947569 21
537 635.200000 1497.889101 21
538 721.600000 500.227836 21
539 678.400000 525.169367 21
540 678.400000 1522.830633 21
541 808.000000 450.344773 21
542 764.800000 475.286304 21
543 764.800000 1572.713696 21
544 808.000000 1597.655227 21
545 851.200000 425.403241 21
546 851.200000 1622.596759 21
547 980.800000 400.461709 21
548 937.600000 425.403241 21
549 937.600000 1622.596759 21
550 980.800000 1647.538291 21
551 1067.200000 400.461709 21
552 1067.200000 1647.538291 21
553 1110.400000 425.403241 21
554 1110.400000 1622.596759 21
555 1196.800000 425.403241 21
556 1240.000000 450.344773 21
557 1240.000000 1597.655227 21
558 1196.800000 1622.596759 21
559 1283.200000 475.286304 21
560 1326.400000 500.227836 21
561 1283.200000 1572.713696 21
562 1369.600000 525.169367 21
563 1412.800000 550.110899 21
564 1412.800000 1497.889101 21
565 1369.600000 1522.830633 21
566 1456.000000 575.052431 21
567 1499.200000 649.877026 21
568 1499.200000 1398.122974 21
569 1456.000000 1472.947569 21
570 1542.400000 674.818557 21
571 1585.600000 749.643152 21
572 1585.600000 799.526215 21
573 1585.600000 1248.473785 21
574 1585.600000 1298.356848 21
575 1542.400000 1373.181443 21
576 1628.800000 874.350810 21
577 1628.800000 924.233873 21
578 1628.800000 974.116937 21
579 1628.800000 1024.000000 21
580 1628.800000 1073.883063 21
581 1628.800000 1123.766127 21
582 1628.800000 1173.649190 21
583 376.000000 899.292342 22
584 376.000000 949.175405 22
585 376.000000 999.058468 22
586 376.000000 1048.941532 22
587 376.000000 1098.824595 22
588 376.000000 1148.707658 22
589 462.400000 699.760089 22
590 419.200000 774.584684 22
591 419.200000 824.467747 22
592 419.200000 1223.532253 22
593 419.200000 1273.415316 22
594 462.400000 1348.239911 22
595 548.800000 599.993962 22
596 505.600000 624.935494 22
597 505.600000 1423.064506 22
598 548.800000 1448.006038 22
599 635.200000 500.227836 22
600 592.000000 525.169367 22
601 592.000000 1522.830633 22
602 635.200000 1547.772164 22
603 721.600000 450.344773 22
604 678.400000 475.286304 22
605 678.400000 1572.713696 22
606 721.600000 1597.655227 22
607 808.000000 400.461709 22
608 764.800000 425.403241 22
609 764.800000 1622.596759 22
610 808.000000 1647.538291 22
611 894.400000 400.461709 22
612 894.400000 1647.538291 22
613 937.600000 375.520178 22
614 937.600000 1672.479822 22
615 1024.000000 375.520178 22
616 1024.000000 1672.479822 22
617 1110.400000 375.520178 22
618 1153.600000 400.461709 22
619 1153.600000 1647.538291 22
620 1110.400000 1672.479822 22
621 1240.000000 400.461709 22
622 1240.000000 1647.538291 22
623 1283.200000 425.403241 22
624 1326.400000 450.344773 22
625 1326.400000 1597.655227 22
626 1283.200000 1622.596759 22
627 1369.600000 475.286304 22
628 1412.800000 500.227836 22
629 1412.800000 1547.772164 22
630 1369.600000 1572.713696 22
631 1456.000000 525.169367 22
632 1499.200000 599.993962 22
633 1499.200000 1448.006038 22
634 1456.000000 1522.830633 22
635 1542.400000 624.935494 22
636 1585.600000 699.760089 22
637 1585.600000 1348.239911 22
638 1542.400000 1423.064506 22
639 1628.800000 774.584684 22
640 1628.800000 824.467747 22
641 1672.000000 899.292342 22
642 1672.000000 949.175405 22
643 1672.000000 999.058468 22
644 1672.000000 1048.941532 22
645 1672.000000 1098.824595 22
646 1672.000000 1148.707658 22
647 1628.800000 1223.532253 22
648 1628.800000 1273.415316 22
649 376.000000 799.526215 23
650 376.000000 849.409279 23
651 376.000000 1198.590721 23
652 376.000000 1248.473785 23
653 462.400000 649.877026 23
654 419.200000 724.701620 23
655 419.200000 1323.298380 23
656 462.400000 1398.122974 23
657 548.800000 550.110899 23
658 505.600000 575.052431 23
659 505.600000 1472.947569 23
660 548.800000 1497.889101 23
661 894.400000 350.578646 23
662 851.200000 375.520178 23
663 851.200000 1672.479822 23
664 894.400000 1697.421354 23
665 980.800000 350.578646 23
666 980.800000 1697.421354 23
667 1067.200000 350.578646 23
668 1067.200000 1697.421354 23
669 1153.600000 350.578646 23
670 1153.600000 1697.421354 23
671 1196.800000 375.520178 23
672 1196.800000 1672.479822 23
673 1499.200000 550.110899 23
674 1499.200000 1497.889101 23
675 1542.400000 575.052431 23
676 1585.600000 649.877026 23
677 1585.600000 1398.122974 23
678 1542.400000 1472.947569 23
679 1628.800000 724.701620 23
680 1672.000000 799.526215 23
681 1672.000000 849.409279 23
682 1672.000000 1198.590721 23
683 1672.000000 1248.473785 23
684 1628.800000 1323.298380 23
685 376.000000 749.643152 24
686 332.800000 824.467747 24
687 332.800000 874.350810 24
688 332.800000 924.233873 24
689 332.800000 974.116937 24
690 332.800000 1024.000000 24
691 332.800000 1073.883063 24
692 332.800000 1123.766127 24
693 332.800000 1173.649190 24
694 332.800000 1223.532253 24
695 376.000000 1298.356848 24
696 462.400000 599.993962 24
697 419.200000 674.818557 24
698 419.200000 1373.181443 24
699 462.400000 1448.006038 24
700 548.800000 500.227836 24
701 505.600000 525.169367 24
702 505.600000 1522.830633 24
703 548.800000 1547.772164 24
704 635.200000 450.344773 24
705 592.000000 475.286304 24
706 592.000000 1572.713696 24
707 635.200000 1597.655227 24
708 721.600000 400.461709 24
709 678.400000 425.403241 24
710 678.400000 1622.596759 24
711 721.600000 1647.538291 24
712 808.000000 350.578646 24
713 764.800000 375.520178 24
714 764.800000 1672.479822 24
715 808.000000 1697.421354 24
716 851.200000 325.637114 24
717 851.200000 1722.362886 24
718 937.600000 325.637114 24
719 937.600000 1722.362886 24
720 1024.000000 325.637114 24
721 1024.000000 1722.362886 24
722 1110.400000 325.637114 24
723 1110.400000 1722.362886 24
724 1196.800000 325.637114 24
725 1240.000000 350.578646 24
726 1240.000000 1697.421354 24
727 1196.800000 1722.362886 24
728 1283.200000 375.520178 24
729 1326.400000 400.461709 24
730 1326.400000 1647.538291 24
731 1283.200000 1672.479822 24
732 1369.600000 425.403241 24
733 1412.800000 450.344773 24
734 1412.800000 1597.655227 24
735 1369.600000 1622.596759 24
736 1456.000000 475.286304 24
737 1499.200000 500.227836 24
738 1499.200000 1547.772164 24
739 1456.000000 1572.713696 24
740 1542.400000 525.169367 24
741 1585.600000 599.993962 24
742 1585.600000 1448.006038 24
743 1542.400000 1522.830633 24
744 1628.800000 674.818557 24
745 1672.000000 749.643152 24
746 1672.000000 1298.356848 24
747 1628.800000 1373.181443 24
748 1715.200000 824.467747 24
749 1715.200000 874.350810 24
750 1715.200000 924.233873 24
751 1715.200000 974.116937 24
752 1715.200000 1024.000000 24
753 1715.200000 1073.883063 24
754 1715.200000 1123.766127 24
755 1715.200000 1173.649190 24
756 1715.200000 1223.532253 24
757 289.600000 899.292342 25
758 289.600000 949.175405 25
759 289.600000 999.058468 25
760 289.600000 1048.941532 25
761 289.600000 1098.824595 25
762 289.600000 1148.707658 25
763 376.000000 649.877026 25
764 376.000000 699.760089 25
765 332.800000 774.584684 25
766 332.800000 1273.415316 25
767 376.000000 1348.239911 25
768 376.000000 1398.122974 25
769 462.400000 550.110899 25
770 419.200000 624.935494 25
771 419.200000 1423.064506 25
772 462.400000 1497.889101 25
773 548.800000 450.344773 25
774 548.800000 1597.655227 25
775 635.200000 400.461709 25
776 592.000000 425.403241 25
777 592.000000 1622.596759 25
778 635.200000 1647.538291 25
779 721.600000 350.578646 25
780 678.400000 375.520178 25
781 678.400000 1672.479822 25
782 721.600000 1697.421354 25
783 764.800000 325.637114 25
784 764.800000 1722.362886 25
785 894.400000 300.695583 25
786 894.400000 1747.304417 25
787 980.800000 300.695583 25
788 980.800000 1747.304417 25
789 1024.000000 275.754051 25
790 1067.200000 300.695583 25
791 1067.200000 1747.304417 25
792 1024.000000 1772.245949 25
793 1153.600000 300.695583 25
794 1153.600000 1747.304417 25
795 1283.200000 325.637114 25
796 1326.400000 350.578646 25
797 1326.400000 1697.421354 25
798 1283.200000 1722.362886 25
799 1369.600000 375.520178 25
800 1412.800000 400.461709 25
801 1412.800000 1647.538291 25
802 1369.600000 1672.479822 25
803 1456.000000 425.403241 25
804 1499.200000 450.344773 25
805 1499.200000 1597.655227 25
806 1456.000000 1622.596759 25
807 1585.600000 550.110899 25
808 1585.600000 1497.889101 25
809 1628.800000 624.935494 25
810 1672.000000 649.877026 25
811 1672.000000 699.760089 25
812 1672.000000 1348.239911 25
813 1672.000000 1398.122974 25
814 1628.800000 1423.064506 25
815 1715.200000 774.584684 25
816 1758.400000 899.292342 25
817 1758.400000 949.175405 25
818 1758.400000 999.058468 25
819 1758.400000 1048.941532 25
820 1758.400000 1098.824595 25
821 1758.400000 1148.707658 25
822 1715.200000 1273.415316 25
823 289.600000 799.526215 26
824 289.600000 849.409279 26
825 289.600000 1198.590721 26
826 289.600000 1248.473785 26
827 376.000000 599.993962 26
828 332.800000 674.818557 26
829 332.800000 724.701620 26
830 332.800000 1323.298380 26
831 332.800000 1373.181443 26
832 376.000000 1448.006038 26
833 462.400000 500.227836 26
834 419.200000 575.052431 26
835 419.200000 1472.947569 26
836 462.400000 1547.772164 26
837 505.600000 475.286304 26
838 505.600000 1572.713696 26
839 635.200000 1697.421354 26
840 808.000000 300.695583 26
841 808.000000 1747.304417 26
842 851.200000 275.754051 26
843 851.200000 1772.245949 26
844 980.800000 250.812520 26
845 937.600000 275.754051 26
846 937.600000 1772.245949 26
847 980.800000 1797.187480 26
848 1067.200000 250.812520 26
849 1067.200000 1797.187480 26
850 1110.400000 275.754051 26
851 1110.400000 1772.245949 26
852 1196.800000 275.754051 26
853 1240.000000 300.695583 26
854 1240.000000 1747.304417 26
855 1196.800000 1772.245949 26
856 1412.800000 1697.421354 26
857 1542.400000 475.286304 26
858 1585.600000 500.227836 26
859 1585.600000 1547.772164 26
860 1542.400000 1572.713696 26
861 1628.800000 575.052431 26
862 1672.000000 599.993962 26
863 1672.000000 1448.006038 26
864 1628.800000 1472.947569 26
865 1715.200000 674.818557 26
866 1715.200000 724.701620 26
867 1758.400000 799.526215 26
868 1758.400000 849.409279 26
869 1758.400000 1198.590721 26
870 1758.400000 1248.473785 26
871 1715.200000 1323.298380 26
872 1715.200000 1373.181443 26
873 289.600000 699.760089 27
874 289.600000 749.643152 27
875 246.400000 824.467747 27
876 246.400000 874.350810 27
877 246.400000 924.233873 27
878 246.400000 974.116937 27
879 246.400000 1024.000000 27
880 246.400000 1073.883063 27
881 246.400000 1123.766127 27
882 246.400000 1173.649190 27
883 246.400000 1223.532253 27
884 289.600000 1298.356848 27
885 289.600000 1348.239911 27
886 376.000000 550.110899 27
887 332.800000 624.935494 27
888 332.800000 1423.064506 27
889 376.000000 1497.889101 27
890 462.400000 450.344773 27
891 419.200000 525.169367 27
892 419.200000 1522.830633 27
893 462.400000 1597.655227 27
894 548.800000 400.461709 27
895 505.600000 425.403241 27
896 505.600000 1622.596759 27
897 548.800000 1647.538291 27
898 635.200000 350.578646 27
899 592.000000 375.520178 27
900 592.000000 1672.479822 27
901 721.600000 300.695583 27
902 678.400000 325.637114 27
903 678.400000 1722.362886 27
904 721.600000 1747.304417 27
905 808.000000 250.812520 27
906 764.800000 275.754051 27
907 764.800000 1772.245949 27
908 808.000000 1797.187480 27
909 894.400000 250.812520 27
910 894.400000 1797.187480 27
911 937.600000 225.870988 27
912 937.600000 1822.129012 27
913 1024.000000 225.870988 27
914 1024.000000 1822.129012 27
915 1110.400000 225.870988 27
916 1153.600000 250.812520 27
917 1153.600000 1797.187480 27
918 1110.400000 1822.129012 27
919 1240.000000 250.812520 27
920 1240.000000 1797.187480 27
921 1283.200000 275.754051 27
922 1326.400000 300.695583 27
923 1326.400000 1747.304417 27
924 1283.200000 1772.245949 27
925 1369.600000 325.637114 27
926 1412.800000 350.578646 27
927 1369.600000 1722.362886 27
928 1456.000000 375.520178 27
929 1499.200000 400.461709 27
930 1499.200000 1647.538291 27
931 1456.000000 1672.479822 27
932 1542.400000 425.403241 27
933 1585.600000 450.344773 27
934 1585.600000 1597.655227 27
935 1542.400000 1622.596759 27
936 1628.800000 525.169367 27
937 1672.000000 550.110899 27
938 1672.000000 1497.889101 27
939 1628.800000 1522.830633 27
940 1715.200000 624.935494 27
941 1758.400000 699.760089 27
942 1758.400000 749.643152 27
943 1758.400000 1298.356848 27
944 1758.400000 1348.239911 27
945 1715.200000 1423.064506 27
946 1801.600000 824.467747 27
947 1801.600000 874.350810 27
948 1801.600000 924.233873 27
949 1801.600000 974.116937 27
950 1801.600000 1024.000000 27
951 1801.600000 1073.883063 27
952 1801.600000 1123.766127 27
953 1801.600000 1173.649190 27
954 1801.600000 1223.532253 27
955 203.200000 899.292342 28
956 203.200000 949.175405 28
957 203.200000 999.058468 28
958 203.200000 1048.941532 28
959 203.200000 1098.824595 28
960 203.200000 1148.707658 28
961 289.600000 649.877026 28
962 246.400000 724.701620 28
963 246.400000 774.584684 28
964 246.400000 1273.415316 28
965 246.400000 1323.298380 28
966 289.600000 1398.122974 28
967 376.000000 500.227836 28
968 332.800000 575.052431 28
969 332.800000 1472.947569 28
970 376.000000 1547.772164 28
971 419.200000 475.286304 28
972 419.200000 1572.713696 28
973 548.800000 350.578646 28
974 505.600000 375.520178 28
975 505.600000 1672.479822 28
976 548.800000 1697.421354 28
977 635.200000 300.695583 28
978 592.000000 325.637114 28
979 592.000000 1722.362886 28
980 635.200000 1747.304417 28
981 721.600000 250.812520 28
982 678.400000 275.754051 28
983 678.400000 1772.245949 28
984 721.600000 1797.187480 28
985 894.400000 200.929456 28
986 851.200000 225.870988 28
987 851.200000 1822.129012 28
988 894.400000 1847.070544 28
989 980.800000 200.929456 28
990 980.800000 1847.070544 28
991 1067.200000 200.929456 28
992 1067.200000 1847.070544 28
993 1153.600000 200.929456 28
994 1153.600000 1847.070544 28
995 1196.800000 225.870988 28
996 1196.800000 1822.129012 28
997 1326.400000 250.812520 28
998 1326.400000 1797.187480 28
999 1369.600000 275.754051 28
1000 1412.800000 300.695583 28
1001 1412.800000 1747.304417 28
1002 1369.600000 1772.245949 28
1003 1456.000000 325.637114 28
1004 1499.200000 350.578646 28
1005 1499.200000 1697.421354 28
1006 1456.000000 1722.362886 28
1007 1542.400000 375.520178 28
1008 1542.400000 1672.479822 28
1009 1628.800000 475.286304 28
1010 1672.000000 500.227836 28
1011 1672.000000 1547.772164 28
1012 1628.800000 1572.713696 28
1013 1715.200000 575.052431 28
1014 1758.400000 649.877026 28
1015 1758.400000 1398.122974 28
1016 1715.200000 1472.947569 28
1017 1801.600000 724.701620 28
1018 1801.600000 774.584684 28
1019 1844.800000 899.292342 28
1020 1844.800000 949.175405 28
1021 1844.800000 999.058468 28
1022 1844.800000 1048.941532 28
1023 1844.800000 1098.824595 28
1024 1844.800000 1148.707658 28
1025 1801.600000 1273.415316 28
1026 1801.600000 1323.298380 28
1027 203.200000 799.526215 29
1028 203.200000 849.409279 29
1029 203.200000 1198.590721 29
1030 203.200000 1248.473785 29
1031 289.600000 599.993962 29
1032 246.400000 674.818557 29
1033 246.400000 1373.181443 29
1034 289.600000 1448.006038 29
1035 332.800000 525.169367 29
1036 332.800000 1522.830633 29
1037 462.400000 400.461709 29
1038 419.200000 425.403241 29
1039 419.200000 1622.596759 29
1040 462.400000 1647.538291 29
1041 592.000000 275.754051 29
1042 592.000000 1772.245949 29
1043 808.000000 200.929456 29
1044 764.800000 225.870988 29
1045 764.800000 1822.129012 29
1046 808.000000 1847.070544 29
1047 937.600000 175.987925 29
1048 937.600000 1872.012075 29
1049 1024.000000 175.987925 29
1050 1024.000000 1872.012075 29
1051 1110.400000 175.987925 29
1052 1110.400000 1872.012075 29
1053 1240.000000 200.929456 29
1054 1240.000000 1847.070544 29
1055 1283.200000 225.870988 29
1056 1283.200000 1822.129012 29
1057 1456.000000 275.754051 29
1058 1456.000000 1772.245949 29
1059 1585.600000 400.461709 29
1060 1585.600000 1647.538291 29
1061 1628.800000 425.403241 29
1062 1628.800000 1622.596759 29
1063 1715.200000 525.169367 29
1064 1758.400000 599.993962 29
1065 1758.400000 1448.006038 29
1066 1715.200000 1522.830633 29
1067 1801.600000 674.818557 29
1068 1844.800000 799.526215 29
1069 1844.800000 849.409279 29
1070 1844.800000 1198.590721 29
1071 1844.800000 1248.473785 29
1072 1801.600000 1373.181443 29
1073 203.200000 699.760089 30
1074 203.200000 749.643152 30
1075 160.000000 824.467747 30
1076 160.000000 874.350810 30
1077 160.000000 924.233873 30
1078 160.000000 974.116937 30
1079 160.000000 1024.000000 30
1080 160.000000 1073.883063 30
1081 160.000000 1123.766127 30
1082 160.000000 1173.649190 30
1083 160.000000 1223.532253 30
1084 203.200000 1298.356848 30
1085 203.200000 1348.239911 30
1086 289.600000 550.110899 30
1087 246.400000 624.935494 30
1088 246.400000 1423.064506 30
1089 289.600000 1497.889101 30
1090 376.000000 450.344773 30
1091 332.800000 475.286304 30
1092 332.800000 1572.713696 30
1093 376.000000 1597.655227 30
1094 462.400000 350.578646 30
1095 419.200000 375.520178 30
1096 419.200000 1672.479822 30
1097 462.400000 1697.421354 30
1098 548.800000 300.695583 30
1099 505.600000 325.637114 30
1100 505.600000 1722.362886 30
1101 548.800000 1747.304417 30
1102 635.200000 250.812520 30
1103 635.200000 1797.187480 30
1104 721.600000 200.929456 30
1105 678.400000 225.870988 30
1106 678.400000 1822.129012 30
1107 721.600000 1847.070544 30
1108 764.800000 175.987925 30
1109 764.800000 1872.012075 30
1110 894.400000 151.046393 30
1111 851.200000 175.987925 30
1112 851.200000 1872.012075 30
1113 894.400000 1896.953607 30
1114 980.800000 151.046393 30
1115 980.800000 1896.953607 30
1116 1067.200000 151.046393 30
1117 1067.200000 1896.953607 30
1118 1153.600000 151.046393 30
1119 1153.600000 1896.953607 30
1120 1196.800000 175.987925 30
1121 1196.800000 1872.012075 30
1122 1283.200000 175.987925 30
1123 1326.400000 200.929456 30
1124 1326.400000 1847.070544 30
1125 1283.200000 1872.012075 30
1126 1369.600000 225.870988 30
1127 1412.800000 250.812520 30
1128 1412.800000 1797.187480 30
1129 1369.600000 1822.129012 30
1130 1499.200000 300.695583 30
1131 1499.200000 1747.304417 30
1132 1542.400000 325.637114 30
1133 1585.600000 350.578646 30
1134 1585.600000 1697.421354 30
1135 1542.400000 1722.362886 30
1136 1628.800000 375.520178 30
1137 1672.000000 450.344773 30
1138 1672.000000 1597.655227 30
1139 1628.800000 1672.479822 30
1140 1715.200000 475.286304 30
1141 1758.400000 550.110899 30
1142 1758.400000 1497.889101 30
1143 1715.200000 1572.713696 30
1144 1801.600000 624.935494 30
1145 1844.800000 699.760089 30
1146 1844.800000 749.643152 30
1147 1844.800000 1298.356848 30
1148 1844.800000 1348.239911 30
1149 1801.600000 1423.064506 30
1150 1888.000000 824.467747 30
1151 1888.000000 874.350810 30
1152 1888.000000 924.233873 30
1153 1888.000000 974.116937 30
1154 1888.000000 1024.000000 30
1155 1888.000000 1073.883063 30
1156 1888.000000 1123.766127 30
1157 1888.000000 1173.649190 30
1158 1888.000000 1223.532253 30
1159 116.800000 899.292342 31
1160 116.800000 949.175405 31
1161 116.800000 999.058468 31
1162 116.800000 1048.941532 31
1163 116.800000 1098.824595 31
1164 116.800000 1148.707658 31
1165 203.200000 649.877026 31
1166 160.000000 724.701620 31
1167 160.000000 774.584684 31
1168 160.000000 1273.415316 31
1169 160.000000 1323.298380 31
1170 203.200000 1398.122974 31
1171 289.600000 500.227836 31
1172 246.400000 575.052431 31
1173 246.400000 1472.947569 31
1174 289.600000 1547.772164 31
1175 376.000000 400.461709 31
1176 332.800000 425.403241 31
1177 332.800000 1622.596759 31
1178 376.000000 1647.538291 31
1179 462.400000 300.695583 31
1180 462.400000 1747.304417 31
1181 548.800000 250.812520 31
1182 505.600000 275.754051 31
1183 505.600000 1772.245949 31
1184 548.800000 1797.187480 31
1185 635.200000 200.929456 31
1186 592.000000 225.870988 31
1187 592.000000 1822.129012 31
1188 635.200000 1847.070544 31
1189 678.400000 175.987925 31
1190 678.400000 1872.012075 31
1191 808.000000 151.046393 31
1192 808.000000 1896.953607 31
1193 851.200000 126.104861 31
1194 851.200000 1921.895139 31
1195 937.600000 126.104861 31
1196 937.600000 1921.895139 31
1197 1024.000000 126.104861 31
1198 1024.000000 1921.895139 31
1199 1110.400000 126.104861 31
1200 1110.400000 1921.895139 31
1201 1196.800000 126.104861 31
1202 1240.000000 151.046393 31
1203 1240.000000 1896.953607 31
1204 1196.800000 1921.895139 31
1205 1369.600000 175.987925 31
1206 1412.800000 200.929456 31
1207 1412.800000 1847.070544 31
1208 1369.600000 1872.012075 31
1209 1456.000000 225.870988 31
1210 1499.200000 250.812520 31
1211 1499.200000 1797.187480 31
1212 1456.000000 1822.129012 31
1213 1542.400000 275.754051 31
1214 1585.600000 300.695583 31
1215 1585.600000 1747.304417 31
1216 1542.400000 1772.245949 31
1217 1672.000000 400.461709 31
1218 1672.000000 1647.538291 31
1219 1715.200000 425.403241 31
1220 1758.400000 500.227836 31
1221 1758.400000 1547.772164 31
1222 1715.200000 1622.596759 31
1223 1801.600000 575.052431 31
1224 1844.800000 649.877026 31
1225 1844.800000 1398.122974 31
1226 1801.600000 1472.947569 31
1227 1888.000000 724.701620 31
1228 1888.000000 774.584684 31
1229 1931.200000 899.292342 31
1230 1931.200000 949.175405 31
1231 1931.200000 999.058468 31
1232 1931.200000 1048.941532 31
1233 1931.200000 1098.824595 31
1234 1931.200000 1148.707658 31
1235 1888.000000 1273.415316 31
1236 1888.000000 1323.298380 31
